run_id,experiment_group,potential_family,seed,N_theta,kappa_target,rho,M_mc,operator_estimator,backend,chunk_size,Lambda_hat_raw_forward,Lambda_hat_full_sym,Lambda_hat_diag,Lambda_hat_separable_exact,full_over_diag,full_minus_diag,diag_minus_exact,gamma_loc,inverse_gamma_loc,self_adjoint_error_H_raw,self_adjoint_error_H_sym,self_adjoint_error_L_star,eig_residual_H,eig_residual_L_star,current_bound_rate,conjecture_bound_rate,lambda_over_logkappa,inverse_gamma_over_logkappa,runtime_seconds,status,error_message,family,quadrature_nodes,device,dtype,eigensolver,explicit_dense_max_N_theta,basis_block_size,torch_available,torch_version,cuda_available,cuda_version,device_name,gpu_available,diag_offdiag_norm,full_sym_minus_exact,operator_matrix_dim,dense_matrix_memory_mb,matrix_construction_runtime_seconds,eigh_runtime_seconds,gpu_peak_memory_mb,separable_exact_status,Lambda_true,gamma_true,baseline_type,Lambda_hat,log_kappa_factor,Gamma_current,D_kappa,alpha_target,beta_target,L_A,L_A_is_empirical,norm_mean_grad,norm_mean_hess_minus_I,empirical_min_hess_eig,empirical_max_hess_eig,p_sym_dim,M_over_p,sqrt_p_over_M,Lambda_hat_gaussian_baseline,gamma_loc_gaussian_baseline,full_sym_minus_gaussian,gamma_minus_gaussian,inverse_gamma_minus_gaussian_inverse,Lambda_hat_separable_baseline,gamma_loc_separable_baseline,full_sym_minus_separable,gamma_minus_separable,full_sym_over_separable,full_sym_minus_separable_exact,full_sym_minus_diag,abs_diag_minus_exact,full_sym_excess_over_gaussian,full_sym_excess_over_separable,noise_baseline_available,baseline_match,gaussian_baseline_match,separable_baseline_match,baseline_correction_status
nglr_20260604_232837,natural_gradient_local_rate,gaussian,0,16,5.0,0.0,8192,symmetrized,torch,2048,0.03405503607090016,0.5117869722831906,0.1480628020945467,1.3831867155085286e-15,3.456553334418086,0.3637241701886439,0.1480628020945453,0.7611340318938545,1.3138290473122045,1.3255421420927198,4.440892098500626e-16,1.7689739186778357e-15,3.161854903151715e-16,2.6650662081281485e-16,0.25,0.0491965649785553,0.196129200792439,0.5034912082221785,0.5829367637634277,ok,,gaussian,120,cuda,float64,torch_dense_eigh,64,32,True,2.11.0+cu128,True,12.8,NVIDIA A100-SXM4-40GB,True,0.25374873646321955,0.5117869722831893,152,0.184832,0.14774370193481445,0.07501912117004395,29.010944,ok,0.0,1.0,gaussian,0.5117869722831906,2.6094379124341005,0.0,16.32662240617609,1.0,1.0,0.0,False,,,,,136,60.23529411764706,0.1288470508005519,0.5117869722831906,0.7611340318938545,0.0,0.0,0.0,0.4669520244956004,0.7068292532703917,0.044834947787590174,0.054304778623462835,1.0960161760429687,0.5117869722831893,0.3637241701886439,0.1480628020945453,0.0,0.044834947787590174,True,seed_exact,seed_exact,seed_exact,ok
nglr_20260604_232837,natural_gradient_local_rate,gaussian,0,16,5.0,0.0,16384,symmetrized,torch,2048,4.335410599062699e-18,0.31675983743271613,0.07392128401089207,1.3831867155085286e-15,4.285096527625827,0.24283855342182406,0.07392128401089068,0.830682275882547,1.203829706054055,1.4532575250687856,3.4808814530971004e-16,2.410957851386292e-15,9.49023472543013e-17,6.647815920986003e-16,0.25,0.0491965649785553,0.12139006485777641,0.4613367884009606,0.03562331199645996,ok,,gaussian,120,cuda,float64,torch_dense_eigh,64,32,True,2.11.0+cu128,True,12.8,NVIDIA A100-SXM4-40GB,True,0.16432892003347682,0.31675983743271474,152,0.184832,0.012889862060546875,0.004342317581176758,30.05952,ok,0.0,1.0,gaussian,0.31675983743271613,2.6094379124341005,0.0,16.32662240617609,1.0,1.0,0.0,False,,,,,136,120.47058823529412,0.09110862335695782,0.31675983743271613,0.830682275882547,0.0,0.0,0.0,0.35301686485754985,0.7475344696297264,-0.03625702742483372,0.08314780625282059,0.897293781022433,0.31675983743271474,0.24283855342182406,0.07392128401089068,0.0,-0.03625702742483372,True,seed_exact,seed_exact,seed_exact,ok
nglr_20260604_232837,natural_gradient_local_rate,gaussian,0,16,5.0,0.0,32768,symmetrized,torch,2048,0.0029268848739741906,0.2538139822807002,0.08387420102586007,1.3831867155085286e-15,3.0261269755934164,0.1699397812548401,0.08387420102585869,0.8745564512966367,1.143436765594008,1.5567830948973578,1.1102230246251565e-16,1.7763568394002505e-15,1.0525851396624242e-16,4.670431969387069e-16,0.25,0.0491965649785553,0.09726768399863588,0.4381927464706002,0.044324636459350586,ok,,gaussian,120,cuda,float64,torch_dense_eigh,64,32,True,2.11.0+cu128,True,12.8,NVIDIA A100-SXM4-40GB,True,0.15958774778151244,0.2538139822806988,152,0.184832,0.0212857723236084,0.004213809967041016,32.156672,ok,0.0,1.0,gaussian,0.2538139822807002,2.6094379124341005,0.0,16.32662240617609,1.0,1.0,0.0,False,,,,,136,240.94117647058823,0.06442352540027595,0.2538139822807002,0.8745564512966367,0.0,0.0,0.0,0.22831133980520185,0.7869276622125801,0.025502642475498327,0.08762878908405658,1.111701164284076,0.2538139822806988,0.1699397812548401,0.08387420102585869,0.0,0.025502642475498327,True,seed_exact,seed_exact,seed_exact,ok
nglr_20260604_232837,natural_gradient_local_rate,gaussian,0,16,5.0,0.0,65536,symmetrized,torch,2048,0.006980124072206625,0.18532552804104405,0.06628799754719199,1.3831867155085286e-15,2.795762957073887,0.11903753049385206,0.0662879975471906,0.910827298015581,1.0979029747776547,1.2750574073673282,1.3877787807814457e-16,5.988413905164507e-15,4.976762603952712e-17,5.983020686834369e-16,0.25,0.0491965649785553,0.07102124452088274,0.4207430916620368,0.06658697128295898,ok,,gaussian,120,cuda,float64,torch_dense_eigh,64,32,True,2.11.0+cu128,True,12.8,NVIDIA A100-SXM4-40GB,True,0.12160767920532695,0.18532552804104266,152,0.184832,0.04229164123535156,0.00422215461730957,36.350976,ok,0.0,1.0,gaussian,0.18532552804104405,2.6094379124341005,0.0,16.32662240617609,1.0,1.0,0.0,False,,,,,136,481.88235294117646,0.04555431167847891,0.18532552804104405,0.910827298015581,0.0,0.0,0.0,0.1699469431044347,0.8143452172549043,0.015378584936609346,0.09648208076067677,1.0904905063644421,0.18532552804104266,0.11903753049385206,0.0662879975471906,0.0,0.015378584936609346,True,seed_exact,seed_exact,seed_exact,ok
nglr_20260604_232837,natural_gradient_local_rate,gaussian,0,16,5.0,0.0,131072,symmetrized,torch,2048,2.6861628758191456e-18,0.11558132952991511,0.04738368873765193,1.3831867155085286e-15,2.4392640718592284,0.06819764079226318,0.04738368873765055,0.9341601895702525,1.0704802143838266,0.7476345781980216,5.551115123125783e-17,1.9585787135977376e-15,4.110103222600434e-17,2.5766473656229447e-16,0.25,0.0491965649785553,0.04429357333208212,0.41023402368875517,0.10895586013793945,ok,,gaussian,120,cuda,float64,torch_dense_eigh,64,32,True,2.11.0+cu128,True,12.8,NVIDIA A100-SXM4-40GB,True,0.10734522223686563,0.11558132952991372,152,0.184832,0.08320975303649902,0.00423431396484375,45.001728,ok,0.0,1.0,gaussian,0.11558132952991511,2.6094379124341005,0.0,16.32662240617609,1.0,1.0,0.0,False,,,,,136,963.7647058823529,0.03221176270013797,0.11558132952991511,0.9341601895702525,0.0,0.0,0.0,0.13250470476849577,0.8270888259454864,-0.01692337523858066,0.1070713636247661,0.8722809483018119,0.11558132952991372,0.06819764079226318,0.04738368873765055,0.0,-0.01692337523858066,True,seed_exact,seed_exact,seed_exact,ok
nglr_20260604_232837,natural_gradient_local_rate,gaussian,0,16,5.0,0.0,262144,symmetrized,torch,2048,3.60268567054006e-18,0.08087204403939677,0.029561862845550985,1.3831867155085286e-15,2.7356883584069496,0.05131018119384578,0.0295618628455496,0.9509445387552691,1.05158603813945,0.7918686312616441,8.326672684688674e-17,2.493061063336196e-15,4.637206846614313e-17,2.0938336571854608e-16,0.25,0.0491965649785553,0.03099213192773719,0.40299331634931435,0.19780755043029785,ok,,gaussian,120,cuda,float64,torch_dense_eigh,64,32,True,2.11.0+cu128,True,12.8,NVIDIA A100-SXM4-40GB,True,0.0739377735279424,0.08087204403939538,152,0.184832,0.16788291931152344,0.004219770431518555,61.778944,ok,0.0,1.0,gaussian,0.08087204403939677,2.6094379124341005,0.0,16.32662240617609,1.0,1.0,0.0,False,,,,,136,1927.5294117647059,0.022777155839239456,0.08087204403939677,0.9509445387552691,0.0,0.0,0.0,0.12199529832335393,0.826590080273003,-0.04112325428395716,0.12435445848226612,0.662911154371227,0.08087204403939538,0.05131018119384578,0.0295618628455496,0.0,-0.04112325428395716,True,seed_exact,seed_exact,seed_exact,ok
nglr_20260604_232837,natural_gradient_local_rate,gaussian,1,16,5.0,0.0,8192,symmetrized,torch,2048,2.4480538826977732e-17,0.4961839203366407,0.1871537411485475,1.3831867155085286e-15,2.6512102685823953,0.3090301791880932,0.1871537411485461,0.7338534592689038,1.3626698728057272,1.5849756724856061,4.440892098500626e-16,2.9588877121658423e-15,2.617585434000963e-16,1.5366622452459833e-16,0.25,0.0491965649785553,0.19014973223631795,0.5222081990579419,0.028287649154663086,ok,,gaussian,120,cuda,float64,torch_dense_eigh,64,32,True,2.11.0+cu128,True,12.8,NVIDIA A100-SXM4-40GB,True,0.3973842062455648,0.49618392033663933,152,0.184832,0.005997419357299805,0.004212856292724609,29.010944,ok,0.0,1.0,gaussian,0.4961839203366407,2.6094379124341005,0.0,16.32662240617609,1.0,1.0,0.0,False,,,,,136,60.23529411764706,0.1288470508005519,0.4961839203366407,0.7338534592689038,0.0,0.0,0.0,0.415388093964239,0.6356743543604846,0.08079582637240174,0.09817910490841919,1.1945068420265255,0.49618392033663933,0.3090301791880932,0.1871537411485461,0.0,0.08079582637240174,True,seed_exact,seed_exact,seed_exact,ok
nglr_20260604_232837,natural_gradient_local_rate,gaussian,1,16,5.0,0.0,16384,symmetrized,torch,2048,7.14517854792673e-17,0.3872630562895233,0.14429116926227506,1.3831867155085286e-15,2.6838999106425097,0.24297188702724823,0.14429116926227367,0.8062717233584211,1.2402766598766837,1.843449431074077,2.220446049250313e-16,6.908393000336614e-16,1.2571505721808722e-16,4.599862427715481e-16,0.25,0.0491965649785553,0.14840861108217815,0.47530414652393305,0.03365063667297363,ok,,gaussian,120,cuda,float64,torch_dense_eigh,64,32,True,2.11.0+cu128,True,12.8,NVIDIA A100-SXM4-40GB,True,0.27960600043726475,0.3872630562895219,152,0.184832,0.010939359664916992,0.004177093505859375,30.05952,ok,0.0,1.0,gaussian,0.3872630562895233,2.6094379124341005,0.0,16.32662240617609,1.0,1.0,0.0,False,,,,,136,120.47058823529412,0.09110862335695782,0.3872630562895233,0.8062717233584211,0.0,0.0,0.0,0.2485143949358074,0.7003754034050427,0.13874866135371589,0.10589631995337845,1.5583123721648213,0.3872630562895219,0.24297188702724823,0.14429116926227367,0.0,0.13874866135371589,True,seed_exact,seed_exact,seed_exact,ok
nglr_20260604_232837,natural_gradient_local_rate,gaussian,1,16,5.0,0.0,32768,symmetrized,torch,2048,7.445395298229309e-18,0.24088222718455307,0.05241217074268211,1.3831867155085286e-15,4.595921591707505,0.18847005644187095,0.05241217074268073,0.8609809528190102,1.16146587996612,1.6666706139422112,1.1102230246251565e-16,2.3903733812484686e-15,1.0064193998168098e-16,6.428712895243867e-16,0.25,0.0491965649785553,0.09231192129030447,0.44510194108534934,0.04363679885864258,ok,,gaussian,120,cuda,float64,torch_dense_eigh,64,32,True,2.11.0+cu128,True,12.8,NVIDIA A100-SXM4-40GB,True,0.13747174591051062,0.24088222718455168,152,0.184832,0.021331071853637695,0.004267692565917969,32.156672,ok,0.0,1.0,gaussian,0.24088222718455307,2.6094379124341005,0.0,16.32662240617609,1.0,1.0,0.0,False,,,,,136,240.94117647058823,0.06442352540027595,0.24088222718455307,0.8609809528190102,0.0,0.0,0.0,0.15640149400450265,0.7274387867109254,0.08448073318005042,0.13354216610808478,1.540152980748498,0.24088222718455168,0.18847005644187095,0.05241217074268073,0.0,0.08448073318005042,True,seed_exact,seed_exact,seed_exact,ok
nglr_20260604_232837,natural_gradient_local_rate,gaussian,1,16,5.0,0.0,65536,symmetrized,torch,2048,8.524721251393025e-18,0.18585796752158387,0.05769732505987961,1.3831867155085286e-15,3.221257958296961,0.12816064246170428,0.05769732505987823,0.8991640086163465,1.1121441588157228,1.1719674351686593,1.1102230246251565e-16,5.329070518200751e-15,8.448087135226154e-17,1.5303109371712254e-16,0.25,0.0491965649785553,0.07122528826455747,0.42620065935131124,0.06593465805053711,ok,,gaussian,120,cuda,float64,torch_dense_eigh,64,32,True,2.11.0+cu128,True,12.8,NVIDIA A100-SXM4-40GB,True,0.12704224395965405,0.18585796752158248,152,0.184832,0.04242539405822754,0.004248142242431641,36.350976,ok,0.0,1.0,gaussian,0.18585796752158387,2.6094379124341005,0.0,16.32662240617609,1.0,1.0,0.0,False,,,,,136,481.88235294117646,0.04555431167847891,0.18585796752158387,0.8991640086163465,0.0,0.0,0.0,0.11716212689100247,0.7563631498560671,0.0686958406305814,0.14280085876027937,1.5863314575578684,0.18585796752158248,0.12816064246170428,0.05769732505987823,0.0,0.0686958406305814,True,seed_exact,seed_exact,seed_exact,ok
nglr_20260604_232837,natural_gradient_local_rate,gaussian,1,16,5.0,0.0,131072,symmetrized,torch,2048,5.390568046905669e-18,0.1244995658925616,0.02765565060041442,1.3831867155085286e-15,4.501776786646848,0.09684391529214718,0.027655650600413036,0.9271914774206955,1.0785258755633158,0.8041991840987953,1.1102230246251565e-16,3.6097270677707567e-16,3.2837020993837815e-17,1.9101147826284312e-16,0.25,0.0491965649785553,0.04771125815997193,0.4133173165086959,0.10914802551269531,ok,,gaussian,120,cuda,float64,torch_dense_eigh,64,32,True,2.11.0+cu128,True,12.8,NVIDIA A100-SXM4-40GB,True,0.07400184847978854,0.12449956589256021,152,0.184832,0.08370518684387207,0.0042476654052734375,45.001728,ok,0.0,1.0,gaussian,0.1244995658925616,2.6094379124341005,0.0,16.32662240617609,1.0,1.0,0.0,False,,,,,136,963.7647058823529,0.03221176270013797,0.1244995658925616,0.9271914774206955,0.0,0.0,0.0,0.07677120585995115,0.7645587451380532,0.04772836003261045,0.1626327322826423,1.6216961098628342,0.12449956589256021,0.09684391529214718,0.027655650600413036,0.0,0.04772836003261045,True,seed_exact,seed_exact,seed_exact,ok
nglr_20260604_232837,natural_gradient_local_rate,gaussian,1,16,5.0,0.0,262144,symmetrized,torch,2048,0.004187690920205656,0.09196489424583776,0.02838303596091929,1.3831867155085286e-15,3.240135916836542,0.06358185828491847,0.028383035960917905,0.9561113983371842,1.0459032302503082,0.4689220923879661,6.245004513516506e-17,1.7058688413690007e-15,3.575888415076304e-17,3.466668293786868e-16,0.25,0.0491965649785553,0.03524318160919656,0.40081552631182665,0.19724011421203613,ok,,gaussian,120,cuda,float64,torch_dense_eigh,64,32,True,2.11.0+cu128,True,12.8,NVIDIA A100-SXM4-40GB,True,0.0509087984974682,0.09196489424583637,152,0.184832,0.1670393943786621,0.004271030426025391,61.778944,ok,0.0,1.0,gaussian,0.09196489424583776,2.6094379124341005,0.0,16.32662240617609,1.0,1.0,0.0,False,,,,,136,1927.5294117647059,0.022777155839239456,0.09196489424583776,0.9561113983371842,0.0,0.0,0.0,0.044513087241103685,0.7620948392125162,0.04745180700473407,0.19401655912466798,2.066019230427962,0.09196489424583637,0.06358185828491847,0.028383035960917905,0.0,0.04745180700473407,True,seed_exact,seed_exact,seed_exact,ok
nglr_20260604_232837,natural_gradient_local_rate,separable,0,16,5.0,0.764320179201695,8192,symmetrized,torch,2048,0.11826048702624709,0.4669520244956004,0.12675265628591095,0.11658994780353729,3.6839624365923758,0.34019936820968943,0.010162708482373661,0.7068292532703917,1.4147688361413335,1.940805074361393,4.440892098500626e-16,2.182655379244941e-15,5.897010998628576e-16,1.0880514737279992e-15,0.2142857142857143,0.0491965649785553,0.17894735960972705,0.5421737874658332,0.06107473373413086,ok,,separable,120,cuda,float64,torch_dense_eigh,64,32,True,2.11.0+cu128,True,12.8,NVIDIA A100-SXM4-40GB,True,0.30631468878438906,0.3503620766920631,152,0.184832,0.035436153411865234,0.004568576812744141,37.398528,ok,,,separable_exact,0.4669520244956004,2.6094379124341005,0.6666666666666665,16.32662240617609,0.33333333333333337,1.6666666666666665,0.8722348104991497,False,6.71600981466461e-17,0.0,0.5387611642805961,1.666665193923036,136,60.23529411764706,0.1288470508005519,0.5117869722831906,0.7611340318938545,-0.044834947787590174,-0.054304778623462835,0.10093978882912902,0.4669520244956004,0.7068292532703917,0.0,0.0,1.0,0.3503620766920631,0.34019936820968943,0.010162708482373661,-0.044834947787590174,0.0,True,seed_exact,seed_exact,seed_exact,ok
nglr_20260604_232837,natural_gradient_local_rate,separable,0,16,5.0,0.7660259856619036,16384,symmetrized,torch,2048,0.14706198088095773,0.35301686485754985,0.16442180135850873,0.11685015274326074,2.147019810881554,0.18859506349904112,0.047571648615247986,0.7475344696297264,1.337730955062616,1.0167250540036994,6.121484398757828e-16,4.4204187464200494e-15,3.0590991011869496e-16,6.382731339733741e-16,0.2142857142857143,0.0491965649785553,0.1352846385711678,0.5126509999292422,0.03796052932739258,ok,,separable,120,cuda,float64,torch_dense_eigh,64,32,True,2.11.0+cu128,True,12.8,NVIDIA A100-SXM4-40GB,True,0.2733507688826494,0.2361667121142891,152,0.184832,0.012843132019042969,0.004561662673950195,38.971392,ok,,,separable_exact,0.35301686485754985,2.6094379124341005,0.6666666666666665,16.32662240617609,0.33333333333333337,1.6666666666666665,0.8702924954831877,False,6.469028345592353e-17,0.0,0.5382326889424105,1.6666651906361734,136,120.47058823529412,0.09110862335695782,0.31675983743271613,0.830682275882547,0.03625702742483372,-0.08314780625282059,0.13390124900856093,0.35301686485754985,0.7475344696297264,0.0,0.0,1.0,0.2361667121142891,0.18859506349904112,0.047571648615247986,0.03625702742483372,0.0,True,seed_exact,seed_exact,seed_exact,ok
nglr_20260604_232837,natural_gradient_local_rate,separable,0,16,5.0,0.7650005962858889,32768,symmetrized,torch,2048,0.13402492770128202,0.22831133980520185,0.13999336762574338,0.11669373911310815,1.630872545444915,0.08831797217945847,0.02329962851263523,0.7869276622125801,1.2707648339471649,1.3068398181146401,3.647667207590909e-16,6.214670159729367e-16,1.8660381872735949e-16,1.0255781260712423e-15,0.2142857142857143,0.0491965649785553,0.08749445185773037,0.48698795548723645,0.052910804748535156,ok,,separable,120,cuda,float64,torch_dense_eigh,64,32,True,2.11.0+cu128,True,12.8,NVIDIA A100-SXM4-40GB,True,0.17114593244301676,0.1116176006920937,152,0.184832,0.02426743507385254,0.0045566558837890625,40.8064,ok,,,separable_exact,0.22831133980520185,2.6094379124341005,0.6666666666666665,16.32662240617609,0.33333333333333337,1.6666666666666665,0.8714590157228141,False,5.246228417599411e-17,0.0,0.5370420496623574,1.6666666656559288,136,240.94117647058823,0.06442352540027595,0.2538139822807002,0.8745564512966367,-0.025502642475498327,-0.08762878908405658,0.1273280683531568,0.22831133980520185,0.7869276622125801,0.0,0.0,1.0,0.1116176006920937,0.08831797217945847,0.02329962851263523,-0.025502642475498327,0.0,True,seed_exact,seed_exact,seed_exact,ok
nglr_20260604_232837,natural_gradient_local_rate,separable,0,16,5.0,0.7643883339017149,65536,symmetrized,torch,2048,0.12604924156773134,0.1699469431044347,0.12822688539199356,0.11660034417031404,1.325361234384674,0.04172005771244114,0.011626541221679526,0.8143452172549043,1.2279804422145733,0.7355881308784049,3.3306690738754696e-16,2.4962947891312797e-15,1.2426842104137813e-16,3.311114383381647e-16,0.2142857142857143,0.0491965649785553,0.06512779717602367,0.4705919371996497,0.07413387298583984,ok,,separable,120,cuda,float64,torch_dense_eigh,64,32,True,2.11.0+cu128,True,12.8,NVIDIA A100-SXM4-40GB,True,0.11244517652366569,0.053346598934120665,152,0.184832,0.047357797622680664,0.004606723785400391,45.000704,ok,,,separable_exact,0.1699469431044347,2.6094379124341005,0.6666666666666665,16.32662240617609,0.33333333333333337,1.6666666666666665,0.8721570399482139,False,5.697010807174449e-17,0.0,0.5378073475943099,1.666666665656738,136,481.88235294117646,0.04555431167847891,0.18532552804104405,0.910827298015581,-0.015378584936609346,-0.09648208076067677,0.1300774674369185,0.1699469431044347,0.8143452172549043,0.0,0.0,1.0,0.053346598934120665,0.04172005771244114,0.011626541221679526,-0.015378584936609346,0.0,True,seed_exact,seed_exact,seed_exact,ok
nglr_20260604_232837,natural_gradient_local_rate,separable,0,16,5.0,0.7640460727561128,131072,symmetrized,torch,2048,0.11847276322015868,0.13250470476849577,0.11913998013784648,0.11654813540991912,1.1121766565277762,0.013364724630649291,0.002591844727927353,0.8270888259454864,1.2090599807787878,0.412728120753248,3.6057721703519447e-16,3.648163296901591e-15,1.9014117987318226e-16,4.74051468264602e-16,0.2142857142857143,0.0491965649785553,0.05077902184876839,0.46334115673630605,0.12041401863098145,ok,,separable,120,cuda,float64,torch_dense_eigh,64,32,True,2.11.0+cu128,True,12.8,NVIDIA A100-SXM4-40GB,True,0.0779692191985317,0.015956569358576644,152,0.184832,0.09181380271911621,0.004535675048828125,53.127168,ok,,,separable_exact,0.13250470476849577,2.6094379124341005,0.6666666666666665,16.32662240617609,0.33333333333333337,1.6666666666666665,0.8725477303506406,False,6.013580607188834e-17,0.0,0.5380480433987155,1.66666666565719,136,963.7647058823529,0.03221176270013797,0.11558132952991511,0.9341601895702525,0.01692337523858066,-0.1070713636247661,0.13857976639496128,0.13250470476849577,0.8270888259454864,0.0,0.0,1.0,0.015956569358576644,0.013364724630649291,0.002591844727927353,0.01692337523858066,0.0,True,seed_exact,seed_exact,seed_exact,ok
nglr_20260604_232837,natural_gradient_local_rate,separable,0,16,5.0,0.7638419287578292,262144,symmetrized,torch,2048,0.11698477942037815,0.12199529832335393,0.11744967037947507,0.11651699513814304,1.0387027731043614,0.0045456279438788605,0.0009326752413320316,0.826590080273003,1.2097895000986751,0.5605277768407217,3.3306690738754696e-16,9.209373475950305e-16,1.9705040040971847e-16,5.452774625501978e-16,0.2142857142857143,0.0491965649785553,0.04675156199043492,0.46362072626214573,0.21407508850097656,ok,,separable,120,cuda,float64,torch_dense_eigh,64,32,True,2.11.0+cu128,True,12.8,NVIDIA A100-SXM4-40GB,True,0.06281123414589669,0.005478303185210892,152,0.184832,0.18189287185668945,0.0045545101165771484,69.904384,ok,,,separable_exact,0.12199529832335393,2.6094379124341005,0.6666666666666665,16.32662240617609,0.33333333333333337,1.6666666666666665,0.8727809270051587,False,6.764133397941618e-17,0.0,0.5385142775316896,1.6666666656574598,136,1927.5294117647059,0.022777155839239456,0.08087204403939677,0.9509445387552691,0.04112325428395716,-0.12435445848226612,0.1582034619592252,0.12199529832335393,0.826590080273003,0.0,0.0,1.0,0.005478303185210892,0.0045456279438788605,0.0009326752413320316,0.04112325428395716,0.0,True,seed_exact,seed_exact,seed_exact,ok
nglr_20260604_232837,natural_gradient_local_rate,separable,1,16,5.0,1.0556707468386863,8192,symmetrized,torch,2048,0.011476184984070464,0.415388093964239,0.02091309837045945,0.010185766219708993,19.862580216759778,0.3944749955937795,0.010727332150750456,0.6356743543604846,1.5731325216132757,1.4468339627216702,1.1102230246251565e-15,2.6645352591003757e-15,3.291497133855961e-16,4.3283691906350527e-16,0.2142857142857143,0.0491965649785553,0.15918680877015476,0.6028625989211016,0.031273603439331055,ok,,separable,120,cuda,float64,torch_dense_eigh,64,32,True,2.11.0+cu128,True,12.8,NVIDIA A100-SXM4-40GB,True,0.32846188869179566,0.40520232774452997,152,0.184832,0.006662130355834961,0.004510641098022461,37.398528,ok,,,separable_exact,0.415388093964239,2.6094379124341005,0.6666666666666665,16.32662240617609,0.33333333333333337,1.6666666666666665,0.6315100315728819,False,4.103815892393471e-17,0.0,0.37003654586948875,1.6666666640503243,136,60.23529411764706,0.1288470508005519,0.4961839203366407,0.7338534592689038,-0.08079582637240174,-0.09817910490841919,0.2104626488075485,0.415388093964239,0.6356743543604846,0.0,0.0,1.0,0.40520232774452997,0.3944749955937795,0.010727332150750456,-0.08079582637240174,0.0,True,seed_exact,seed_exact,seed_exact,ok
nglr_20260604_232837,natural_gradient_local_rate,separable,1,16,5.0,1.0541059567622844,16384,symmetrized,torch,2048,0.032710230376393035,0.2485143949358074,0.045946796697750175,0.01017066815438052,5.408742563069171,0.20256759823805723,0.03577612854336966,0.7003754034050427,1.4278057098211339,1.2803421478592347,3.43312211643548e-16,2.001900910304286e-15,2.0986870849847223e-16,3.5073985524789804e-16,0.2142857142857143,0.0491965649785553,0.09523675338341028,0.5471698341691018,0.03777050971984863,ok,,separable,120,cuda,float64,torch_dense_eigh,64,32,True,2.11.0+cu128,True,12.8,NVIDIA A100-SXM4-40GB,True,0.2374122318149015,0.23834372678142687,152,0.184832,0.012985467910766602,0.004591226577758789,38.971392,ok,,,separable_exact,0.2485143949358074,2.6094379124341005,0.6666666666666665,16.32662240617609,0.33333333333333337,1.6666666666666665,0.6324474901122386,False,4.7816353198790305e-17,0.0,0.3664899927229982,1.6666666640542027,136,120.47058823529412,0.09110862335695782,0.3872630562895233,0.8062717233584211,-0.13874866135371589,-0.10589631995337845,0.1875290499444502,0.2485143949358074,0.7003754034050427,0.0,0.0,1.0,0.23834372678142687,0.20256759823805723,0.03577612854336966,-0.13874866135371589,0.0,True,seed_exact,seed_exact,seed_exact,ok
nglr_20260604_232837,natural_gradient_local_rate,separable,1,16,5.0,1.0542724135010169,32768,symmetrized,torch,2048,0.028554280265097903,0.15640149400450265,0.03653954578044448,0.010172274232252372,4.280334926555295,0.11986194822405817,0.026367271548192107,0.7274387867109254,1.3746861155444365,0.7589116474219479,8.326672684688674e-16,1.5395858685767543e-15,1.2571884702165813e-16,8.296496330320844e-16,0.2142857142857143,0.0491965649785553,0.05993685201676645,0.5268131151900527,0.04975771903991699,ok,,separable,120,cuda,float64,torch_dense_eigh,64,32,True,2.11.0+cu128,True,12.8,NVIDIA A100-SXM4-40GB,True,0.18988722677716577,0.14622921977225029,152,0.184832,0.0244753360748291,0.004547595977783203,40.8064,ok,,,separable_exact,0.15640149400450265,2.6094379124341005,0.6666666666666665,16.32662240617609,0.33333333333333337,1.6666666666666665,0.6323476343773493,False,4.5015575174189496e-17,0.0,0.3636420541193023,1.66666666405379,136,240.94117647058823,0.06442352540027595,0.24088222718455307,0.8609809528190102,-0.08448073318005042,-0.13354216610808478,0.2132202355783166,0.15640149400450265,0.7274387867109254,0.0,0.0,1.0,0.14622921977225029,0.11986194822405817,0.026367271548192107,-0.08448073318005042,0.0,True,seed_exact,seed_exact,seed_exact,ok
nglr_20260604_232837,natural_gradient_local_rate,separable,1,16,5.0,1.0525666778061114,65536,symmetrized,torch,2048,0.018349876432723372,0.11716212689100247,0.019784949624687048,0.010155816236165065,5.921780399420942,0.09737717726631542,0.009629133388521983,0.7563631498560671,1.322116235025855,0.5261715909145992,3.5150151433838716e-16,5.054616887613752e-15,2.03083285989719e-16,5.453909488127797e-16,0.2142857142857143,0.0491965649785553,0.04489937328369422,0.5066670598774954,0.0738677978515625,ok,,separable,120,cuda,float64,torch_dense_eigh,64,32,True,2.11.0+cu128,True,12.8,NVIDIA A100-SXM4-40GB,True,0.11822659862711586,0.1070063106548374,152,0.184832,0.04749870300292969,0.004563808441162109,45.000704,ok,,,separable_exact,0.11716212689100247,2.6094379124341005,0.6666666666666665,16.32662240617609,0.33333333333333337,1.6666666666666665,0.6333723845944041,False,3.6962581531469236e-17,0.0,0.3664535521164648,1.6666666646974735,136,481.88235294117646,0.04555431167847891,0.18585796752158387,0.8991640086163465,-0.0686958406305814,-0.14280085876027937,0.20997207621013225,0.11716212689100247,0.7563631498560671,0.0,0.0,1.0,0.1070063106548374,0.09737717726631542,0.009629133388521983,-0.0686958406305814,0.0,True,seed_exact,seed_exact,seed_exact,ok
nglr_20260604_232837,natural_gradient_local_rate,separable,1,16,5.0,1.0520550929845545,131072,symmetrized,torch,2048,0.0221851143580076,0.07677120585995115,0.024322502981552026,0.010150880148460134,3.1563859162924173,0.05244870287839912,0.014171622833091892,0.7645587451380532,1.3079439694584019,0.36436211523256345,5.551115123125783e-16,2.2210055269543656e-15,1.0970197206172994e-16,6.095403427096803e-16,0.2142857142857143,0.0491965649785553,0.029420591114328706,0.5012359034204202,0.12076973915100098,ok,,separable,120,cuda,float64,torch_dense_eigh,64,32,True,2.11.0+cu128,True,12.8,NVIDIA A100-SXM4-40GB,True,0.09021906572326852,0.06662032571149101,152,0.184832,0.09246635437011719,0.00456547737121582,53.127168,ok,,,separable_exact,0.07677120585995115,2.6094379124341005,0.6666666666666665,16.32662240617609,0.33333333333333337,1.6666666666666665,0.6336803757828053,False,3.960478220171851e-17,0.0,0.3653472816495359,1.6666666660144691,136,963.7647058823529,0.03221176270013797,0.1244995658925616,0.9271914774206955,-0.04772836003261045,-0.1626327322826423,0.22941809389508605,0.07677120585995115,0.7645587451380532,0.0,0.0,1.0,0.06662032571149101,0.05244870287839912,0.014171622833091892,-0.04772836003261045,0.0,True,seed_exact,seed_exact,seed_exact,ok
nglr_20260604_232837,natural_gradient_local_rate,separable,1,16,5.0,1.0516746478919892,262144,symmetrized,torch,2048,0.0161315522830007,0.044513087241103685,0.017282671374851972,0.010147209378209163,2.5755906755176006,0.027230415866251714,0.007135461996642809,0.7620948392125162,1.3121726438054806,0.22478437092963843,2.772809498966827e-16,1.9367142936852784e-15,1.322905737176943e-16,5.253155895552914e-16,0.21428571428571427,0.0491965649785553,0.01705849640223154,0.5028564341588329,0.2154994010925293,ok,,separable,120,cuda,float64,torch_dense_eigh,64,32,True,2.11.0+cu128,True,12.8,NVIDIA A100-SXM4-40GB,True,0.06119662294110798,0.03436587786289452,152,0.184832,0.1832575798034668,0.004572153091430664,69.904384,ok,,,separable_exact,0.044513087241103685,2.6094379124341005,0.6666666666666667,16.32662240617609,0.33333333333333326,1.6666666666666667,0.6339096107365096,False,2.9248772950163494e-17,0.0,0.36456643752199125,1.666666666014705,136,1927.5294117647059,0.022777155839239456,0.09196489424583776,0.9561113983371842,-0.04745180700473407,-0.19401655912466798,0.2662694135551724,0.044513087241103685,0.7620948392125162,0.0,0.0,1.0,0.03436587786289452,0.027230415866251714,0.007135461996642809,-0.04745180700473407,0.0,True,seed_exact,seed_exact,seed_exact,ok
nglr_20260604_232837,natural_gradient_local_rate,random_feature,0,16,5.0,1.1071738151884924,8192,symmetrized,torch,2048,0.10590419455641245,0.4554072058409117,0.1708953620732739,,2.664830691225249,0.28451184376763783,,0.714409874182809,1.3997566888949688,1.5725576177927278,3.3368515387162395e-16,4.31031180097257e-15,9.702660397946713e-16,3.0651206543598266e-16,0.2142857142857143,0.0491965649785553,0.17452310463907722,0.5364207679458703,0.05814075469970703,ok,,random_feature,120,cuda,float64,torch_dense_eigh,64,32,True,2.11.0+cu128,True,12.8,NVIDIA A100-SXM4-40GB,True,0.4424319306340376,,152,0.184832,0.015599489212036133,0.005282402038574219,41.470464,not_separable,,,,0.4554072058409117,2.6094379124341005,0.6666666666666665,16.32662240617609,0.33333333333333337,1.6666666666666665,0.6021337007082027,True,1.219038926891618e-16,0.0,0.6666666666666667,1.311632966963721,136,60.23529411764706,0.1288470508005519,0.5117869722831906,0.7611340318938545,-0.05637976644227888,-0.046724157711045544,0.08592764158276434,0.4669520244956004,0.7068292532703917,-0.011544818654688704,0.007580620912417291,0.9752762210054462,,0.28451184376763783,,-0.05637976644227888,-0.011544818654688704,True,seed_exact,seed_exact,seed_exact,ok
nglr_20260604_232837,natural_gradient_local_rate,random_feature,0,16,5.0,1.1092310529946718,16384,symmetrized,torch,2048,0.11521644236195927,0.35735983665484605,0.11193493159498108,,3.192567606579654,0.24542490505986497,,0.774849167579741,1.2905737553071428,1.5629591497273267,4.440892098500626e-16,3.567999304690425e-15,3.7935687839698557e-16,6.086025871974513e-16,0.2142857142857143,0.0491965649785553,0.13694897086917024,0.49457921537718724,0.057224273681640625,ok,,random_feature,120,cuda,float64,torch_dense_eigh,64,32,True,2.11.0+cu128,True,12.8,NVIDIA A100-SXM4-40GB,True,0.3046362639162174,,152,0.184832,0.018956422805786133,0.005495548248291016,42.51904,not_separable,,,,0.35735983665484605,2.6094379124341005,0.6666666666666665,16.32662240617609,0.33333333333333337,1.6666666666666665,0.601016952119054,True,8.561732956775684e-17,0.0,0.6666666666666667,1.3140654873891164,136,120.47058823529412,0.09110862335695782,0.31675983743271613,0.830682275882547,0.04059999922212992,-0.05583310830280597,0.08674404925308776,0.35301686485754985,0.7475344696297264,0.004342971797296202,0.02731469795001462,1.0123024484936398,,0.24542490505986497,,0.04059999922212992,0.004342971797296202,True,seed_exact,seed_exact,seed_exact,ok
nglr_20260604_232837,natural_gradient_local_rate,random_feature,0,16,5.0,1.0482862079859765,32768,symmetrized,torch,2048,0.11202513327985575,0.2636715712101586,0.09954529019311766,,2.6487598830505825,0.16412628101704096,,0.8593128259578104,1.1637205564636792,1.9406751468355923,1.942890293094024e-16,3.552707286884255e-15,1.540934924637306e-16,7.223548539713703e-16,0.2142857142857143,0.0491965649785553,0.10104535155013673,0.4459659878928306,0.07219934463500977,ok,,random_feature,120,cuda,float64,torch_dense_eigh,64,32,True,2.11.0+cu128,True,12.8,NVIDIA A100-SXM4-40GB,True,0.2010990704943468,,152,0.184832,0.035369157791137695,0.005270719528198242,44.878336,not_separable,,,,0.2636715712101586,2.6094379124341005,0.6666666666666665,16.32662240617609,0.3333333333333335,1.6666666666666665,0.6359586357121899,True,9.971597646904172e-17,0.0,0.6666666666666667,1.3046725539234925,136,240.94117647058823,0.06442352540027595,0.2538139822807002,0.8745564512966367,0.009857588929458427,-0.015243625338826283,0.020283790869671137,0.22831133980520185,0.7869276622125801,0.035360231404956755,0.0723851637452303,1.1548772454102654,,0.16412628101704096,,0.009857588929458427,0.035360231404956755,True,seed_exact,seed_exact,seed_exact,ok
nglr_20260604_232837,natural_gradient_local_rate,random_feature,0,16,5.0,1.0494001357380094,65536,symmetrized,torch,2048,0.10118580227905782,0.1861802232580074,0.050660647089838036,,3.6750462923982883,0.13551957616816937,,0.9001493600636891,1.1109267465670876,0.9773243975824287,2.220446049250313e-16,2.1022363060141153e-15,1.4222753458793387e-16,3.390096574287603e-16,0.2142857142857143,0.0491965649785553,0.07134878449142225,0.4257341174026279,0.10486412048339844,ok,,random_feature,120,cuda,float64,torch_dense_eigh,64,32,True,2.11.0+cu128,True,12.8,NVIDIA A100-SXM4-40GB,True,0.10393557543336661,,152,0.184832,0.06956171989440918,0.005095243453979492,49.07264,not_separable,,,,0.1861802232580074,2.6094379124341005,0.6666666666666665,16.32662240617609,0.33333333333333337,1.6666666666666665,0.635283571978787,True,7.534290797685194e-17,0.0,0.6666666666666667,1.3185084134646894,136,481.88235294117646,0.04555431167847891,0.18532552804104405,0.910827298015581,0.0008546952169633526,-0.01067793795189198,0.013023771789432814,0.1699469431044347,0.8143452172549043,0.0162332801535727,0.08580414280878479,1.0955196948944068,,0.13551957616816937,,0.0008546952169633526,0.0162332801535727,True,seed_exact,seed_exact,seed_exact,ok
nglr_20260604_232837,natural_gradient_local_rate,random_feature,0,16,5.0,1.0273778166525565,131072,symmetrized,torch,2048,0.09288841804642345,0.14566645811471388,0.02418523510874845,,6.022949847695398,0.12148122300596542,,0.9130790344103239,1.0951954456448676,0.42419520644697595,1.6653345369377348e-16,1.7420268754146221e-15,1.6262475173581762e-16,8.981485054520304e-16,0.2142857142857143,0.0491965649785553,0.055822925473952074,0.41970550072343443,0.16298890113830566,ok,,random_feature,120,cuda,float64,torch_dense_eigh,64,32,True,2.11.0+cu128,True,12.8,NVIDIA A100-SXM4-40GB,True,0.058117405326753406,,152,0.184832,0.12538838386535645,0.005113363265991211,57.723392,not_separable,,,,0.14566645811471388,2.6094379124341005,0.6666666666666665,16.32662240617609,0.33333333333333337,1.6666666666666665,0.6489011694245324,True,7.619117756195117e-17,0.0,0.6666666666666667,1.3116479224164146,136,963.7647058823529,0.03221176270013797,0.11558132952991511,0.9341601895702525,0.030085128584798768,-0.02108115515992859,0.024715231261041026,0.13250470476849577,0.8270888259454864,0.013161753346218108,0.08599020846483751,1.0993304605237493,,0.12148122300596542,,0.030085128584798768,0.013161753346218108,True,seed_exact,seed_exact,seed_exact,ok
nglr_20260604_232837,natural_gradient_local_rate,random_feature,0,16,5.0,1.0014630498890091,262144,symmetrized,torch,2048,0.08066170730106634,0.11304551754370905,0.02502470583242101,,4.517356499641718,0.08802081171128803,,0.9284931847751846,1.0770138288544673,0.36517847111015056,2.220446049250313e-16,5.071300892617743e-15,8.191639592593801e-17,4.1412549637314573e-16,0.21428571428571427,0.0491965649785553,0.04332178857563216,0.4127378634772045,0.2796623706817627,ok,,random_feature,120,cuda,float64,torch_dense_eigh,64,32,True,2.11.0+cu128,True,12.8,NVIDIA A100-SXM4-40GB,True,0.05150160024489886,,152,0.184832,0.23829030990600586,0.005158901214599609,74.500608,not_separable,,,,0.11304551754370905,2.6094379124341005,0.6666666666666667,16.32662240617609,0.33333333333333326,1.6666666666666667,0.6656927249992424,True,9.21607197405605e-17,0.0,0.6666666666666666,1.3041521338636552,136,1927.5294117647059,0.022777155839239456,0.08087204403939677,0.9509445387552691,0.03217347350431228,-0.022451353980084465,0.02542779071501733,0.12199529832335393,0.826590080273003,-0.00894978077964488,0.10190310450218165,0.9266383139133518,,0.08802081171128803,,0.03217347350431228,-0.00894978077964488,True,seed_exact,seed_exact,seed_exact,ok
nglr_20260604_232837,natural_gradient_local_rate,random_feature,1,16,5.0,1.200234254953174,8192,symmetrized,torch,2048,0.12931758530084217,0.4720767953790158,0.17848839341099498,,2.644859905775451,0.29358840196802083,,0.8004657657968379,1.2492726644024958,1.3177286186248476,3.5122547080792434e-16,3.552713678800501e-15,4.858600637520384e-16,6.5761978674637225e-16,0.2142857142857143,0.0491965649785553,0.18091129631003924,0.47875163400119614,0.046661376953125,ok,,random_feature,120,cuda,float64,torch_dense_eigh,64,32,True,2.11.0+cu128,True,12.8,NVIDIA A100-SXM4-40GB,True,0.2621838570067731,,152,0.184832,0.010285377502441406,0.005330324172973633,41.470464,not_separable,,,,0.4720767953790158,2.6094379124341005,0.6666666666666665,16.32662240617609,0.33333333333333337,1.6666666666666665,0.5554471253552716,True,1.2230916136007382e-16,0.0,0.6666666666666667,1.3220213606062914,136,60.23529411764706,0.1288470508005519,0.4961839203366407,0.7338534592689038,-0.024107124957624904,0.06661230652793415,-0.11339720840323131,0.415388093964239,0.6356743543604846,0.05668870141477683,0.16479141143635334,1.136471656839681,,0.29358840196802083,,-0.024107124957624904,0.05668870141477683,True,seed_exact,seed_exact,seed_exact,ok
nglr_20260604_232837,natural_gradient_local_rate,random_feature,1,16,5.0,1.1993683468196825,16384,symmetrized,torch,2048,0.09592056128768991,0.37757964615276113,0.1378310960135044,,2.7394373045961027,0.23974855013925672,,0.8275734676804251,1.2083519337598665,1.1283773449458143,1.940719037845042e-16,3.552713678800501e-15,1.7692782833512587e-16,5.217422946312352e-16,0.2142857142857143,0.0491965649785553,0.14469769307542266,0.46306981591783036,0.05644559860229492,ok,,random_feature,120,cuda,float64,torch_dense_eigh,64,32,True,2.11.0+cu128,True,12.8,NVIDIA A100-SXM4-40GB,True,0.226605941289421,,152,0.184832,0.018274784088134766,0.005286693572998047,42.51904,not_separable,,,,0.37757964615276113,2.6094379124341005,0.6666666666666665,16.32662240617609,0.33333333333333337,1.6666666666666665,0.5558481415942318,True,9.773061387016686e-17,0.0,0.6666666666666667,1.3263605749849086,136,120.47058823529412,0.09110862335695782,0.3872630562895233,0.8062717233584211,-0.00968341013676216,0.021301744322003935,-0.03192472611681718,0.2485143949358074,0.7003754034050427,0.12906525121695372,0.12719806427538238,1.519347184094877,,0.23974855013925672,,-0.00968341013676216,0.12906525121695372,True,seed_exact,seed_exact,seed_exact,ok
nglr_20260604_232837,natural_gradient_local_rate,random_feature,1,16,5.0,1.1394676252786617,32768,symmetrized,torch,2048,0.11105065587314067,0.296590718325923,0.11049187971939654,,2.68427615747999,0.18609883860652643,,0.8612587114211122,1.1610913036222983,0.8695128005698161,2.4704306019935196e-16,1.249621745104252e-15,2.462434591948461e-16,3.5335570977127123e-16,0.2142857142857143,0.0491965649785553,0.11366076844084068,0.4449583943306874,0.06988978385925293,ok,,random_feature,120,cuda,float64,torch_dense_eigh,64,32,True,2.11.0+cu128,True,12.8,NVIDIA A100-SXM4-40GB,True,0.17073462999463346,,152,0.184832,0.035587310791015625,0.005326747894287109,44.878336,not_separable,,,,0.296590718325923,2.6094379124341005,0.6666666666666665,16.32662240617609,0.33333333333333337,1.6666666666666665,0.5850685459392762,True,9.539340214636073e-17,0.0,0.6666666666666667,1.3100226072433363,136,240.94117647058823,0.06442352540027595,0.24088222718455307,0.8609809528190102,0.055708491141369915,0.0002777586021019962,-0.00037457634382165317,0.15640149400450265,0.7274387867109254,0.14018922432142034,0.13381992471018678,1.896341976870019,,0.18609883860652643,,0.055708491141369915,0.14018922432142034,True,seed_exact,seed_exact,seed_exact,ok
nglr_20260604_232837,natural_gradient_local_rate,random_feature,1,16,5.0,1.139823191133537,65536,symmetrized,torch,2048,0.09545503876011013,0.22658685849178403,0.07168944446139568,,3.1606725396484228,0.15489741403038837,,0.886864944119733,1.127567400910812,1.0501527213632904,1.249000902703301e-16,4.440892098500626e-15,1.9051062771780215e-16,4.869136656828206e-16,0.2142857142857143,0.0491965649785553,0.08683358872502253,0.4321112204041712,0.10421228408813477,ok,,random_feature,120,cuda,float64,torch_dense_eigh,64,32,True,2.11.0+cu128,True,12.8,NVIDIA A100-SXM4-40GB,True,0.11916478189094896,,152,0.184832,0.06741452217102051,0.00510406494140625,49.07264,not_separable,,,,0.22658685849178403,2.6094379124341005,0.6666666666666665,16.32662240617609,0.33333333333333337,1.6666666666666665,0.5848860348276268,True,9.102652228768301e-17,0.0,0.6666666666666667,1.3162101751576496,136,481.88235294117646,0.04555431167847891,0.18585796752158387,0.8991640086163465,0.04072889097020016,-0.012299064496613443,0.015423242095089273,0.11716212689100247,0.7563631498560671,0.10942473160078156,0.13050179426366593,1.9339599280455269,,0.15489741403038837,,0.04072889097020016,0.10942473160078156,True,seed_exact,seed_exact,seed_exact,ok
nglr_20260604_232837,natural_gradient_local_rate,random_feature,1,16,5.0,1.1229488937012198,131072,symmetrized,torch,2048,0.07487488606054396,0.14140640506405674,0.03985067807740177,,3.5484064986147485,0.10155572698665497,,0.8974702317570243,1.1142430853023924,0.40280880876503766,2.220446049250313e-16,2.339564988738395e-15,1.671996361336321e-16,2.943899601874156e-16,0.2142857142857143,0.0491965649785553,0.05419036965403478,0.427005018970932,0.1623532772064209,ok,,random_feature,120,cuda,float64,torch_dense_eigh,64,32,True,2.11.0+cu128,True,12.8,NVIDIA A100-SXM4-40GB,True,0.09478792568918132,,152,0.184832,0.12388396263122559,0.00511479377746582,57.723392,not_separable,,,,0.14140640506405674,2.6094379124341005,0.6666666666666665,16.32662240617609,0.33333333333333337,1.6666666666666665,0.5936749841476268,True,9.102022619478894e-17,0.0,0.6666666666666667,1.3255806368607006,136,963.7647058823529,0.03221176270013797,0.1244995658925616,0.9271914774206955,0.016906839171495144,-0.02972124566367118,0.03571720973907655,0.07677120585995115,0.7645587451380532,0.0646351992041056,0.13291148661897112,1.8419198119932556,,0.10155572698665497,,0.016906839171495144,0.0646351992041056,True,seed_exact,seed_exact,seed_exact,ok
nglr_20260604_232837,natural_gradient_local_rate,random_feature,1,16,5.0,1.0716319195567436,262144,symmetrized,torch,2048,0.07657408287526278,0.10359408598251912,0.029158731547396517,,3.552763802984039,0.07443535443512261,,0.9127675166381282,1.0955692241143324,0.4826823235837456,6.938893903907228e-17,3.552713678800501e-15,9.468465120089238e-17,5.333721760936935e-16,0.2142857142857143,0.0491965649785553,0.03969977039456972,0.41984874171325975,0.2830936908721924,ok,,random_feature,120,cuda,float64,torch_dense_eigh,64,32,True,2.11.0+cu128,True,12.8,NVIDIA A100-SXM4-40GB,True,0.06835089582430215,,152,0.184832,0.2418675422668457,0.005108356475830078,74.500608,not_separable,,,,0.10359408598251912,2.6094379124341005,0.6666666666666665,16.32662240617609,0.33333333333333337,1.6666666666666665,0.6221041520883572,True,1.2957334472828178e-16,0.0,0.6666666666666667,1.3158521599961719,136,1927.5294117647059,0.022777155839239456,0.09196489424583776,0.9561113983371842,0.011629191736681366,-0.04334388169905601,0.04966599386402426,0.044513087241103685,0.7620948392125162,0.05908099874141544,0.15067267742561197,2.327272548439634,,0.07443535443512261,,0.011629191736681366,0.05908099874141544,True,seed_exact,seed_exact,seed_exact,ok
nglr_20260604_232837,natural_gradient_local_rate,gaussian,0,32,5.0,0.0,8192,symmetrized,torch,2048,0.1917605093256616,1.5690185221097654,0.5055675816502513,1.3831867155085286e-15,3.1034792954648016,1.0634509404595143,0.50556758165025,0.31137099360794823,3.211602944810956,1.7993222448869006,7.494005416219807e-16,3.3482027196106776e-15,4.3498542683546247e-16,3.727740127148992e-16,0.25,0.0491965649785553,0.6012860143685791,1.2307642690050258,0.07887482643127441,ok,,gaussian,120,cuda,float64,torch_dense_eigh,64,32,True,2.11.0+cu128,True,12.8,NVIDIA A100-SXM4-40GB,True,0.8064703096454506,1.5690185221097641,560,2.5088,0.006879091262817383,0.016684770584106445,88.776704,ok,0.0,1.0,gaussian,1.5690185221097654,2.6094379124341005,0.0,16.32662240617609,1.0,1.0,0.0,False,,,,,528,15.515151515151516,0.2538762001448738,1.5690185221097654,0.31137099360794823,0.0,0.0,0.0,1.301229525302811,0.21048956719940976,0.26778899680695445,0.10088142640853848,1.2057968956281075,1.5690185221097641,1.0634509404595143,0.50556758165025,0.0,0.26778899680695445,True,seed_exact,seed_exact,seed_exact,ok
nglr_20260604_232837,natural_gradient_local_rate,gaussian,0,32,5.0,0.0,16384,symmetrized,torch,2048,0.022216348974923153,1.083149897315334,0.27851833022758077,1.3831867155085286e-15,3.8889716753302332,0.8046315670877532,0.2785183302275794,0.4695332258297944,2.129774731559678,1.4120046194818694,4.452740174504415e-16,8.271980694878078e-16,4.3645855312955756e-16,2.43372590451445e-16,0.25,0.0491965649785553,0.41508935397698915,0.8161814164694995,0.0776517391204834,ok,,gaussian,120,cuda,float64,torch_dense_eigh,64,32,True,2.11.0+cu128,True,12.8,NVIDIA A100-SXM4-40GB,True,0.5263974179721057,1.0831498973153326,560,2.5088,0.012080192565917969,0.016275882720947266,90.873856,ok,0.0,1.0,gaussian,1.083149897315334,2.6094379124341005,0.0,16.32662240617609,1.0,1.0,0.0,False,,,,,528,31.03030303030303,0.1795175827043134,1.083149897315334,0.4695332258297944,0.0,0.0,0.0,0.850913422021208,0.4796991096579581,0.23223647529412594,-0.010165883828163691,1.2729260924601302,1.0831498973153326,0.8046315670877532,0.2785183302275794,0.0,0.23223647529412594,True,seed_exact,seed_exact,seed_exact,ok
nglr_20260604_232837,natural_gradient_local_rate,gaussian,0,32,5.0,0.0,32768,symmetrized,torch,2048,3.7752597718477016e-17,0.7432803989063969,0.18580598720665287,1.3831867155085286e-15,4.00030381195264,0.557474411699744,0.18580598720665148,0.6237877729910936,1.6031093318885523,1.2846564242398462,5.551115123125783e-16,3.552713678800501e-15,5.174630575612394e-16,4.847952035268242e-16,0.25,0.0491965649785553,0.28484310562233695,0.6143504408553494,0.08363175392150879,ok,,gaussian,120,cuda,float64,torch_dense_eigh,64,32,True,2.11.0+cu128,True,12.8,NVIDIA A100-SXM4-40GB,True,0.3747594968193916,0.7432803989063955,560,2.5088,0.02359914779663086,0.013345718383789062,95.06816,ok,0.0,1.0,gaussian,0.7432803989063969,2.6094379124341005,0.0,16.32662240617609,1.0,1.0,0.0,False,,,,,528,62.06060606060606,0.1269381000724369,0.7432803989063969,0.6237877729910936,0.0,0.0,0.0,0.6448598244485103,0.5831383033786434,0.09842057445788654,0.040649469612450195,1.152623206976891,0.7432803989063955,0.557474411699744,0.18580598720665148,0.0,0.09842057445788654,True,seed_exact,seed_exact,seed_exact,ok
nglr_20260604_232837,natural_gradient_local_rate,gaussian,0,32,5.0,0.0,65536,symmetrized,torch,2048,0.018409917399753884,0.5172294072638848,0.13603920860711266,1.3831867155085286e-15,3.8020612774782196,0.3811901986567721,0.13603920860711127,0.7505902550679345,1.332284816180423,1.3893167443887853,3.3306690738754696e-16,3.552713678800501e-15,2.8697822282349185e-16,3.1157815466762594e-16,0.25,0.0491965649785553,0.1982148740919495,0.5105639072046972,0.10489177703857422,ok,,gaussian,120,cuda,float64,torch_dense_eigh,64,32,True,2.11.0+cu128,True,12.8,NVIDIA A100-SXM4-40GB,True,0.24967347061598896,0.5172294072638834,560,2.5088,0.04372453689575195,0.01312398910522461,103.456768,ok,0.0,1.0,gaussian,0.5172294072638848,2.6094379124341005,0.0,16.32662240617609,1.0,1.0,0.0,False,,,,,528,124.12121212121212,0.0897587913521567,0.5172294072638848,0.7505902550679345,0.0,0.0,0.0,0.43778335494656345,0.6717094767382865,0.07944605231732133,0.07888077832964802,1.1814734421024724,0.5172294072638834,0.3811901986567721,0.13603920860711127,0.0,0.07944605231732133,True,seed_exact,seed_exact,seed_exact,ok
nglr_20260604_232837,natural_gradient_local_rate,gaussian,0,32,5.0,0.0,131072,symmetrized,torch,2048,1.644333791427471e-17,0.35570196915529584,0.06195462584462575,1.3831867155085286e-15,5.741330276892491,0.2937473433106701,0.06195462584462437,0.8190778385473508,1.2208851868993524,1.4126418246842707,3.3306690738754696e-16,8.881784197001252e-15,5.345113016395188e-17,3.3934906692690616e-16,0.25,0.0491965649785553,0.13631363576820832,0.4678728629954268,0.14827203750610352,ok,,gaussian,120,cuda,float64,torch_dense_eigh,64,32,True,2.11.0+cu128,True,12.8,NVIDIA A100-SXM4-40GB,True,0.1280034206570701,0.35570196915529445,560,2.5088,0.08446907997131348,0.012926578521728516,120.233984,ok,0.0,1.0,gaussian,0.35570196915529584,2.6094379124341005,0.0,16.32662240617609,1.0,1.0,0.0,False,,,,,528,248.24242424242425,0.06346905003621844,0.35570196915529584,0.8190778385473508,0.0,0.0,0.0,0.29882429982193914,0.7320053113479176,0.056877669333356695,0.08707252719943326,1.1903381664986699,0.35570196915529445,0.2937473433106701,0.06195462584462437,0.0,0.056877669333356695,True,seed_exact,seed_exact,seed_exact,ok
nglr_20260604_232837,natural_gradient_local_rate,gaussian,0,32,5.0,0.0,262144,symmetrized,torch,2048,0.009460064345887767,0.25760443289739227,0.04806396653471003,1.3831867155085286e-15,5.359616599919189,0.20954046636268223,0.04806396653470865,0.8759278157242479,1.1416465855387465,1.1397922135530552,1.6653345369377348e-16,1.7763568394002505e-15,1.0102111013852938e-16,3.228499680074242e-16,0.25,0.0491965649785553,0.09872027675764747,0.4375067059839762,0.23819851875305176,ok,,gaussian,120,cuda,float64,torch_dense_eigh,64,32,True,2.11.0+cu128,True,12.8,NVIDIA A100-SXM4-40GB,True,0.08530293509411449,0.2576044328973909,560,2.5088,0.16722846031188965,0.012960195541381836,153.788416,ok,0.0,1.0,gaussian,0.25760443289739227,2.6094379124341005,0.0,16.32662240617609,1.0,1.0,0.0,False,,,,,528,496.4848484848485,0.04487939567607835,0.25760443289739227,0.8759278157242479,0.0,0.0,0.0,0.18228316955221702,0.7746527257773812,0.07532126334517525,0.10127508994686674,1.4132101912107615,0.2576044328973909,0.20954046636268223,0.04806396653470865,0.0,0.07532126334517525,True,seed_exact,seed_exact,seed_exact,ok
nglr_20260604_232837,natural_gradient_local_rate,gaussian,1,32,5.0,0.0,8192,symmetrized,torch,2048,0.14135454236024325,1.531728942233836,0.49269733956739675,1.3831867155085286e-15,3.108863838353056,1.0390316026664392,0.49269733956739536,0.30481280006320366,3.28070212206524,1.2575001844878797,1.1102230246251565e-15,1.7763568394002505e-15,2.841578536123577e-16,2.9087143163795787e-16,0.25,0.0491965649785553,0.5869957414717829,1.2572447523784844,0.06478071212768555,ok,,gaussian,120,cuda,float64,torch_dense_eigh,64,32,True,2.11.0+cu128,True,12.8,NVIDIA A100-SXM4-40GB,True,0.8307473353681021,1.5317289422338347,560,2.5088,0.0067141056060791016,0.012949705123901367,88.776704,ok,0.0,1.0,gaussian,1.531728942233836,2.6094379124341005,0.0,16.32662240617609,1.0,1.0,0.0,False,,,,,528,15.515151515151516,0.2538762001448738,1.531728942233836,0.30481280006320366,0.0,0.0,0.0,1.3134368716294458,0.2569963050935428,0.21829207060439026,0.04781649496966084,1.1661991339816566,1.5317289422338347,1.0390316026664392,0.49269733956739536,0.0,0.21829207060439026,True,seed_exact,seed_exact,seed_exact,ok
nglr_20260604_232837,natural_gradient_local_rate,gaussian,1,32,5.0,0.0,16384,symmetrized,torch,2048,0.03985749621477873,1.0113667762146306,0.2590738415983608,1.3831867155085286e-15,3.903778050207558,0.7522929346162698,0.2590738415983594,0.5142453600000747,1.9445970304911546,1.7816071711462984,7.771561172376096e-16,3.552713678800501e-15,3.8938559133750243e-16,7.369589550712458e-16,0.25,0.0491965649785553,0.3875803181196295,0.7452168228356972,0.07040977478027344,ok,,gaussian,120,cuda,float64,torch_dense_eigh,64,32,True,2.11.0+cu128,True,12.8,NVIDIA A100-SXM4-40GB,True,0.47075758729480005,1.0113667762146292,560,2.5088,0.012786388397216797,0.013075828552246094,90.873856,ok,0.0,1.0,gaussian,1.0113667762146306,2.6094379124341005,0.0,16.32662240617609,1.0,1.0,0.0,False,,,,,528,31.03030303030303,0.1795175827043134,1.0113667762146306,0.5142453600000747,0.0,0.0,0.0,0.8270551831066641,0.44944327372102594,0.1843115931079664,0.06480208627904877,1.2228528360291964,1.0113667762146292,0.7522929346162698,0.2590738415983594,0.0,0.1843115931079664,True,seed_exact,seed_exact,seed_exact,ok
nglr_20260604_232837,natural_gradient_local_rate,gaussian,1,32,5.0,0.0,32768,symmetrized,torch,2048,0.022092682219788842,0.7175363012815693,0.17542306284189582,1.3831867155085286e-15,4.090319081523881,0.5421132384396735,0.17542306284189443,0.6522781904691098,1.5330882047134111,1.5214340829187045,5.652872032740508e-16,5.329070518200751e-15,2.0996255878551138e-16,2.071386893737715e-16,0.25,0.0491965649785553,0.2749773420024571,0.5875166438749778,0.08107829093933105,ok,,gaussian,120,cuda,float64,torch_dense_eigh,64,32,True,2.11.0+cu128,True,12.8,NVIDIA A100-SXM4-40GB,True,0.32357590030550687,0.717536301281568,560,2.5088,0.022984027862548828,0.012926101684570312,95.06816,ok,0.0,1.0,gaussian,0.7175363012815693,2.6094379124341005,0.0,16.32662240617609,1.0,1.0,0.0,False,,,,,528,62.06060606060606,0.1269381000724369,0.7175363012815693,0.6522781904691098,0.0,0.0,0.0,0.6162515939798355,0.5665613189141032,0.10128470730173378,0.08571687155500662,1.16435609788467,0.717536301281568,0.5421132384396735,0.17542306284189443,0.0,0.10128470730173378,True,seed_exact,seed_exact,seed_exact,ok
nglr_20260604_232837,natural_gradient_local_rate,gaussian,1,32,5.0,0.0,65536,symmetrized,torch,2048,4.1459014567525724e-17,0.5243399377782887,0.09435072381456595,1.3831867155085286e-15,5.557349393617907,0.42998921396372275,0.09435072381456457,0.7344341151000117,1.3615925233318238,1.5956858622184402,4.440892098500626e-16,3.552713678800501e-15,2.9998342993437867e-16,2.39444895434441e-16,0.25,0.0491965649785553,0.20093980212358492,0.5217953325671281,0.10603141784667969,ok,,gaussian,120,cuda,float64,torch_dense_eigh,64,32,True,2.11.0+cu128,True,12.8,NVIDIA A100-SXM4-40GB,True,0.19241445291086814,0.5243399377782874,560,2.5088,0.04545187950134277,0.012965202331542969,103.456768,ok,0.0,1.0,gaussian,0.5243399377782887,2.6094379124341005,0.0,16.32662240617609,1.0,1.0,0.0,False,,,,,528,124.12121212121212,0.0897587913521567,0.5243399377782887,0.7344341151000117,0.0,0.0,0.0,0.44305485987091325,0.6894071655576354,0.08128507790737544,0.04502694954237629,1.1834650407199196,0.5243399377782874,0.42998921396372275,0.09435072381456457,0.0,0.08128507790737544,True,seed_exact,seed_exact,seed_exact,ok
nglr_20260604_232837,natural_gradient_local_rate,gaussian,1,32,5.0,0.0,131072,symmetrized,torch,2048,8.536928918781068e-18,0.36454509219845643,0.06047916003346092,1.3831867155085286e-15,6.027614999890324,0.3040659321649955,0.06047916003345954,0.8055779158451908,1.2413448535897695,0.9827155551343567,3.3306690738754696e-16,3.690241735253914e-15,2.730932861882187e-16,1.6090291841706094e-16,0.25,0.0491965649785553,0.13970253534731794,0.47571350430477766,0.14931488037109375,ok,,gaussian,120,cuda,float64,torch_dense_eigh,64,32,True,2.11.0+cu128,True,12.8,NVIDIA A100-SXM4-40GB,True,0.14296973515808567,0.36454509219845505,560,2.5088,0.0847623348236084,0.012919902801513672,120.233984,ok,0.0,1.0,gaussian,0.36454509219845643,2.6094379124341005,0.0,16.32662240617609,1.0,1.0,0.0,False,,,,,528,248.24242424242425,0.06346905003621844,0.36454509219845643,0.8055779158451908,0.0,0.0,0.0,0.3040786407002993,0.7553305754799833,0.06046645149815716,0.050247340365207505,1.1988513608154183,0.36454509219845505,0.3040659321649955,0.06047916003345954,0.0,0.06046645149815716,True,seed_exact,seed_exact,seed_exact,ok
nglr_20260604_232837,natural_gradient_local_rate,gaussian,1,32,5.0,0.0,262144,symmetrized,torch,2048,1.305398031297045e-17,0.24678051101408735,0.046980835846904614,1.3831867155085286e-15,5.2527909852065084,0.19979967516718272,0.046980835846903234,0.8656250892008969,1.15523453799514,1.125025482632481,1.1102230246251565e-16,7.429107569809229e-16,6.950328773855251e-17,2.1776947578715825e-16,0.25,0.0491965649785553,0.09457228694278029,0.4427139394619778,0.2400655746459961,ok,,gaussian,120,cuda,float64,torch_dense_eigh,64,32,True,2.11.0+cu128,True,12.8,NVIDIA A100-SXM4-40GB,True,0.11410518341229094,0.24678051101408596,560,2.5088,0.16860532760620117,0.012951850891113281,153.788416,ok,0.0,1.0,gaussian,0.24678051101408735,2.6094379124341005,0.0,16.32662240617609,1.0,1.0,0.0,False,,,,,528,496.4848484848485,0.04487939567607835,0.24678051101408735,0.8656250892008969,0.0,0.0,0.0,0.20039631985223405,0.791911179007098,0.0463841911618533,0.07371391019379891,1.2314622903058077,0.24678051101408596,0.19979967516718272,0.046980835846903234,0.0,0.0463841911618533,True,seed_exact,seed_exact,seed_exact,ok
nglr_20260604_232837,natural_gradient_local_rate,separable,0,32,5.0,0.7664348854397058,8192,symmetrized,torch,2048,0.14792025948596466,1.301229525302811,0.24639274346633136,0.1169125266083609,5.2811195126800445,1.0548367818364797,0.12948021685797045,0.21048956719940976,4.750829284819795,1.5402624013295458,4.035001696272615e-16,5.329070518200751e-15,6.337930200777915e-16,6.95858319297565e-16,0.2142857142857143,0.0491965649785553,0.4986627653037415,1.8206331954410024,0.09650969505310059,ok,,separable,120,cuda,float64,torch_dense_eigh,64,32,True,2.11.0+cu128,True,12.8,NVIDIA A100-SXM4-40GB,True,0.7182283154924247,1.1843169986944502,560,2.5088,0.007935523986816406,0.013483047485351562,122.323968,ok,,,separable_exact,1.301229525302811,2.6094379124341005,0.6666666666666665,16.32662240617609,0.33333333333333337,1.6666666666666665,0.8698281867535271,False,7.87863436302979e-17,0.0,0.5329877990554864,1.66666665008858,528,15.515151515151516,0.2538762001448738,1.5690185221097654,0.31137099360794823,-0.26778899680695445,-0.10088142640853848,1.5392263400088386,1.301229525302811,0.21048956719940976,0.0,0.0,1.0,1.1843169986944502,1.0548367818364797,0.12948021685797045,-0.26778899680695445,0.0,True,seed_exact,seed_exact,seed_exact,ok
nglr_20260604_232837,natural_gradient_local_rate,separable,0,32,5.0,0.7649487815882965,16384,symmetrized,torch,2048,0.13989124002533368,0.850913422021208,0.17706223906122573,0.1166858352620099,4.805730609376139,0.6738511829599823,0.06037640379921583,0.4796991096579581,2.084640100151602,1.3733330942938988,4.2170323246957165e-16,3.552713678800501e-15,1.2201790376413832e-15,4.988925526190232e-16,0.2142857142857143,0.0491965649785553,0.3260906948452629,0.798884729243102,0.09241080284118652,ok,,separable,120,cuda,float64,torch_dense_eigh,64,32,True,2.11.0+cu128,True,12.8,NVIDIA A100-SXM4-40GB,True,0.4355957749834333,0.7342275867591981,560,2.5088,0.01401662826538086,0.013443946838378906,124.42112,ok,,,separable_exact,0.850913422021208,2.6094379124341005,0.6666666666666665,16.32662240617609,0.33333333333333337,1.6666666666666665,0.8715180450152984,False,5.50026179334836e-17,0.0,0.5380718125426323,1.6666666501207246,528,31.03030303030303,0.1795175827043134,1.083149897315334,0.4695332258297944,-0.23223647529412594,0.010165883828163691,-0.045134631408076054,0.850913422021208,0.4796991096579581,0.0,0.0,1.0,0.7342275867591981,0.6738511829599823,0.06037640379921583,-0.23223647529412594,0.0,True,seed_exact,seed_exact,seed_exact,ok
nglr_20260604_232837,natural_gradient_local_rate,separable,0,32,5.0,0.7639897800187471,32768,symmetrized,torch,2048,0.12179295114693114,0.6448598244485103,0.12727615849529,0.11653954847542519,5.066619169468209,0.5175836659532203,0.010736610019864812,0.5831383033786434,1.7148590552294418,1.2449712436865874,7.216449660063518e-16,1.7763568394002505e-15,2.937175137360772e-16,6.04646961331985e-16,0.2142857142857143,0.0491965649785553,0.24712595052586667,0.6571756496132956,0.10568404197692871,ok,,separable,120,cuda,float64,torch_dense_eigh,64,32,True,2.11.0+cu128,True,12.8,NVIDIA A100-SXM4-40GB,True,0.2916982087598388,0.5283202759730852,560,2.5088,0.0262603759765625,0.013566017150878906,128.615424,ok,,,separable_exact,0.6448598244485103,2.6094379124341005,0.6666666666666665,16.32662240617609,0.33333333333333337,1.6666666666666665,0.872612021917764,False,7.451202015374886e-17,0.0,0.5374760730496375,1.666666650141468,528,62.06060606060606,0.1269381000724369,0.7432803989063969,0.6237877729910936,-0.09842057445788654,-0.040649469612450195,0.1117497233408895,0.6448598244485103,0.5831383033786434,0.0,0.0,1.0,0.5283202759730852,0.5175836659532203,0.010736610019864812,-0.09842057445788654,0.0,True,seed_exact,seed_exact,seed_exact,ok
nglr_20260604_232837,natural_gradient_local_rate,separable,0,32,5.0,0.763248898396918,65536,symmetrized,torch,2048,0.10924752003943256,0.43778335494656345,0.1108299440528032,0.116426533861958,3.9500457993373015,0.32695341089376023,-0.005596589809154798,0.6717094767382865,1.4887388590314963,1.2487613282348167,6.661338147750939e-16,7.846731230082166e-16,2.7565465406241106e-16,4.600213364450549e-16,0.2142857142857143,0.0491965649785553,0.16776921683420945,0.5705208972160564,0.1392993927001953,ok,,separable,120,cuda,float64,torch_dense_eigh,64,32,True,2.11.0+cu128,True,12.8,NVIDIA A100-SXM4-40GB,True,0.1966569264539986,0.32135682108460545,560,2.5088,0.048613548278808594,0.01674056053161621,137.004032,ok,,,separable_exact,0.43778335494656345,2.6094379124341005,0.6666666666666665,16.32662240617609,0.33333333333333337,1.6666666666666665,0.8734590617384357,False,5.65754500325829e-17,0.0,0.5373752604360782,1.6666666632749747,528,124.12121212121212,0.0897587913521567,0.5172294072638848,0.7505902550679345,-0.07944605231732133,-0.07888077832964802,0.15645404285107323,0.43778335494656345,0.6717094767382865,0.0,0.0,1.0,0.32135682108460545,0.32695341089376023,0.005596589809154798,-0.07944605231732133,0.0,True,seed_exact,seed_exact,seed_exact,ok
nglr_20260604_232837,natural_gradient_local_rate,separable,0,32,5.0,0.7638405075429534,131072,symmetrized,torch,2048,0.11581042812028847,0.29882429982193914,0.1165902172425299,0.11651677834500754,2.5630306460474945,0.18223408257940926,7.34388975223571e-05,0.7320053113479176,1.3661103061651232,1.123664102676772,5.72890628448843e-16,5.329070518200751e-15,1.6275189245361605e-16,6.38018824606283e-16,0.2142857142857143,0.0491965649785553,0.11451673113126264,0.5235266567008704,0.19088411331176758,ok,,separable,120,cuda,float64,torch_dense_eigh,64,32,True,2.11.0+cu128,True,12.8,NVIDIA A100-SXM4-40GB,True,0.17457471061440644,0.1823075214769316,560,2.5088,0.09501957893371582,0.016747474670410156,153.781248,ok,,,separable_exact,0.29882429982193914,2.6094379124341005,0.6666666666666665,16.32662240617609,0.33333333333333337,1.6666666666666665,0.8727825509164656,False,6.811860503331889e-17,0.0,0.5370634158635836,1.6666666632723457,528,248.24242424242425,0.06346905003621844,0.35570196915529584,0.8190778385473508,-0.056877669333356695,-0.08707252719943326,0.14522511926577075,0.29882429982193914,0.7320053113479176,0.0,0.0,1.0,0.1823075214769316,0.18223408257940926,7.34388975223571e-05,-0.056877669333356695,0.0,True,seed_exact,seed_exact,seed_exact,ok
nglr_20260604_232837,natural_gradient_local_rate,separable,0,32,5.0,0.7634704417314815,262144,symmetrized,torch,2048,0.1115272240458518,0.18228316955221702,0.11236658981009645,0.11646032824095763,1.6222185781403715,0.06991657974212057,-0.00409373843086118,0.7746527257773812,1.2909010279367155,0.3990838894801233,6.661338147750939e-16,1.7763568394002505e-15,1.832852873674498e-16,6.789946202794599e-16,0.2142857142857143,0.0491965649785553,0.0698553388389234,0.4947046341993838,0.2958550453186035,ok,,separable,120,cuda,float64,torch_dense_eigh,64,32,True,2.11.0+cu128,True,12.8,NVIDIA A100-SXM4-40GB,True,0.14514999624863095,0.06582284131125939,560,2.5088,0.19333124160766602,0.01641082763671875,187.33568,ok,,,separable_exact,0.18228316955221702,2.6094379124341005,0.6666666666666665,16.32662240617609,0.33333333333333337,1.6666666666666665,0.8732056019807752,False,7.11912296055371e-17,0.0,0.5370201106785639,1.6666666632739902,528,496.4848484848485,0.04487939567607835,0.25760443289739227,0.8759278157242479,-0.07532126334517525,-0.10127508994686674,0.14925444239796892,0.18228316955221702,0.7746527257773812,0.0,0.0,1.0,0.06582284131125939,0.06991657974212057,0.00409373843086118,-0.07532126334517525,0.0,True,seed_exact,seed_exact,seed_exact,ok
nglr_20260604_232837,natural_gradient_local_rate,separable,1,32,5.0,0.7216576068266788,8192,symmetrized,torch,2048,0.10864885831690493,1.3134368716294458,0.2688464781749187,0.11071404888990247,4.88545314242461,1.044590393454527,0.15813242928501622,0.2569963050935428,3.8911065263604274,1.5687619553415184,6.240685150001794e-16,7.105427357601002e-15,4.653404268504439e-16,5.099896740900875e-16,0.2142857142857143,0.0491965649785553,0.5033409169732892,1.4911665488644557,0.09747576713562012,ok,,separable,120,cuda,float64,torch_dense_eigh,64,32,True,2.11.0+cu128,True,12.8,NVIDIA A100-SXM4-40GB,True,0.7623207987108516,1.2027228227395432,560,2.5088,0.008693695068359375,0.017042875289916992,122.323968,ok,,,separable_exact,1.3134368716294458,2.6094379124341005,0.6666666666666665,16.32662240617609,0.33333333333333337,1.6666666666666665,0.9237991262895129,False,9.194250480731766e-17,0.0,0.5624308838478616,1.6666495169315447,528,15.515151515151516,0.2538762001448738,1.531728942233836,0.30481280006320366,-0.21829207060439026,-0.04781649496966084,0.6104044042951875,1.3134368716294458,0.2569963050935428,0.0,0.0,1.0,1.2027228227395432,1.044590393454527,0.15813242928501622,-0.21829207060439026,0.0,True,seed_exact,seed_exact,seed_exact,ok
nglr_20260604_232837,natural_gradient_local_rate,separable,1,32,5.0,0.7203505417842261,16384,symmetrized,torch,2048,0.10395931242197161,0.8270551831066641,0.1227324371942283,0.11051352379095876,6.738684589126352,0.7043227459124358,0.01221891340326954,0.44944327372102594,2.2249748933181506,1.6201876789165552,7.771561172376096e-16,2.408834293180791e-15,5.846671203492596e-16,5.78625397016418e-16,0.2142857142857143,0.0491965649785553,0.3169476380969654,0.8526644311849826,0.10245704650878906,ok,,separable,120,cuda,float64,torch_dense_eigh,64,32,True,2.11.0+cu128,True,12.8,NVIDIA A100-SXM4-40GB,True,0.5555091795794911,0.7165416593157053,560,2.5088,0.014158964157104492,0.016525745391845703,124.42112,ok,,,separable_exact,0.8270551831066641,2.6094379124341005,0.6666666666666665,16.32662240617609,0.33333333333333337,1.6666666666666665,0.9254753456774106,False,6.766104367288731e-17,0.0,0.5627885591732735,1.666665056184904,528,31.03030303030303,0.1795175827043134,1.0113667762146306,0.5142453600000747,-0.1843115931079664,-0.06480208627904877,0.28037786282699595,0.8270551831066641,0.44944327372102594,0.0,0.0,1.0,0.7165416593157053,0.7043227459124358,0.01221891340326954,-0.1843115931079664,0.0,True,seed_exact,seed_exact,seed_exact,ok
nglr_20260604_232837,natural_gradient_local_rate,separable,1,32,5.0,0.7213864389111595,32768,symmetrized,torch,2048,0.10120273707400662,0.6162515939798355,0.11516807848336255,0.1106724473082491,5.350888910323017,0.501083515496473,0.0044956311751134514,0.5665613189141032,1.765034015941372,1.830671823399966,4.579669976578771e-16,7.105427357601002e-15,5.248862266048478e-16,5.723441058865673e-16,0.2142857142857143,0.0491965649785553,0.23616258162087944,0.6764039134753496,0.11317300796508789,ok,,separable,120,cuda,float64,torch_dense_eigh,64,32,True,2.11.0+cu128,True,12.8,NVIDIA A100-SXM4-40GB,True,0.35261694180651104,0.5055791466715864,560,2.5088,0.025469303131103516,0.016571521759033203,128.615424,ok,,,separable_exact,0.6162515939798355,2.6094379124341005,0.6666666666666665,16.32662240617609,0.33333333333333337,1.6666666666666665,0.9241463807843611,False,7.940977400981559e-17,0.0,0.5627377780542729,1.6666650538689571,528,62.06060606060606,0.1269381000724369,0.7175363012815693,0.6522781904691098,-0.10128470730173378,-0.08571687155500662,0.23194581122796087,0.6162515939798355,0.5665613189141032,0.0,0.0,1.0,0.5055791466715864,0.501083515496473,0.0044956311751134514,-0.10128470730173378,0.0,True,seed_exact,seed_exact,seed_exact,ok
nglr_20260604_232837,natural_gradient_local_rate,separable,1,32,5.0,0.7212462982505803,65536,symmetrized,torch,2048,0.10078502791538142,0.44305485987091325,0.11191133723366153,0.11065094744487894,3.9589810185705465,0.3311435226372517,0.0012603897887825954,0.6894071655576354,1.4505216219955268,1.4682415523637917,5.551115123125783e-16,1.2434497875801753e-14,2.0566135461902234e-16,4.578105870015331e-16,0.2142857142857143,0.0491965649785553,0.16978938558366727,0.5558751235596446,0.14075779914855957,ok,,separable,120,cuda,float64,torch_dense_eigh,64,32,True,2.11.0+cu128,True,12.8,NVIDIA A100-SXM4-40GB,True,0.23897878969800407,0.3324039124260343,560,2.5088,0.048445701599121094,0.016712665557861328,137.004032,ok,,,separable_exact,0.44305485987091325,2.6094379124341005,0.6666666666666665,16.32662240617609,0.33333333333333337,1.6666666666666665,0.9243259456356319,False,9.260934802957533e-17,0.0,0.5640489264844156,1.6666650541822685,528,124.12121212121212,0.0897587913521567,0.5243399377782887,0.7344341151000117,-0.08128507790737544,-0.04502694954237629,0.08892909866370302,0.44305485987091325,0.6894071655576354,0.0,0.0,1.0,0.3324039124260343,0.3311435226372517,0.0012603897887825954,-0.08128507790737544,0.0,True,seed_exact,seed_exact,seed_exact,ok
nglr_20260604_232837,natural_gradient_local_rate,separable,1,32,5.0,0.720972635935093,131072,symmetrized,torch,2048,0.10324661001548069,0.3040786407002993,0.1100501580490189,0.1106089631815807,2.7630913584408994,0.19402848265128037,-0.0005588051325618043,0.7553305754799833,1.323923633522367,1.284099592721735,4.440892098500626e-16,1.7763568394002505e-15,3.370911368424267e-16,6.995512372389962e-16,0.2142857142857143,0.0491965649785553,0.11653032220132525,0.5073596988891,0.1918177604675293,ok,,separable,120,cuda,float64,torch_dense_eigh,64,32,True,2.11.0+cu128,True,12.8,NVIDIA A100-SXM4-40GB,True,0.17675134354420005,0.19346967751871857,560,2.5088,0.09460806846618652,0.016672134399414062,153.781248,ok,,,separable_exact,0.3040786407002993,2.6094379124341005,0.6666666666666665,16.32662240617609,0.33333333333333337,1.6666666666666665,0.9246767955374726,False,1.2220114495494345e-16,0.0,0.5644136690213748,1.6666666627995863,528,248.24242424242425,0.06346905003621844,0.36454509219845643,0.8055779158451908,-0.06046645149815716,-0.050247340365207505,0.08257877993259743,0.3040786407002993,0.7553305754799833,0.0,0.0,1.0,0.19346967751871857,0.19402848265128037,0.0005588051325618043,-0.06046645149815716,0.0,True,seed_exact,seed_exact,seed_exact,ok
nglr_20260604_232837,natural_gradient_local_rate,separable,1,32,5.0,0.7207213381584512,262144,symmetrized,torch,2048,0.1066922348414593,0.20039631985223405,0.10784652982378026,0.11057041000336176,1.8581619657088537,0.09254979002845379,-0.0027238801795815004,0.791911179007098,1.2627678791626666,0.9573392209449059,3.3306690738754696e-16,1.7763568394002505e-15,1.3119207496152145e-16,5.452397243168152e-16,0.2142857142857143,0.0491965649785553,0.07679673806275891,0.4839233281410971,0.29146671295166016,ok,,separable,120,cuda,float64,torch_dense_eigh,64,32,True,2.11.0+cu128,True,12.8,NVIDIA A100-SXM4-40GB,True,0.10814257361230963,0.08982590984887229,560,2.5088,0.1878507137298584,0.01669764518737793,187.33568,ok,,,separable_exact,0.20039631985223405,2.6094379124341005,0.6666666666666665,16.32662240617609,0.33333333333333337,1.6666666666666665,0.9249992075579416,False,7.716337780720077e-17,0.0,0.5641890924713194,1.6666666628009341,528,496.4848484848485,0.04487939567607835,0.24678051101408735,0.8656250892008969,-0.0463841911618533,-0.07371391019379891,0.10753334116752655,0.20039631985223405,0.791911179007098,0.0,0.0,1.0,0.08982590984887229,0.09254979002845379,0.0027238801795815004,-0.0463841911618533,0.0,True,seed_exact,seed_exact,seed_exact,ok
nglr_20260604_232837,natural_gradient_local_rate,random_feature,0,32,5.0,1.7067701495753076,8192,symmetrized,torch,2048,0.06961527662271809,1.4648184938662192,0.3030810365641947,,4.833091870318849,1.1617374573020245,,0.250055649599171,3.99910980456934,1.5533407935251262,7.771561172376096e-16,1.7763568394002505e-15,6.010378549186042e-16,5.259816432037803e-16,0.2142857142857143,0.0491965649785553,0.561354032179224,1.532556028834173,0.12447881698608398,ok,,random_feature,120,cuda,float64,torch_dense_eigh,64,32,True,2.11.0+cu128,True,12.8,NVIDIA A100-SXM4-40GB,True,0.6305234419127916,,560,2.5088,0.010752677917480469,0.018017292022705078,135.20896,not_separable,,,,1.4648184938662192,2.6094379124341005,0.6666666666666665,16.32662240617609,0.33333333333333337,1.6666666666666665,0.39060131607794524,True,1.0953047986067295e-16,0.0,0.6666666666666667,1.3175294589896318,528,15.515151515151516,0.2538762001448738,1.5690185221097654,0.31137099360794823,-0.10420002824354624,-0.06131534400877725,0.7875068597583836,1.301229525302811,0.21048956719940976,0.1635889685634082,0.03956608239976123,1.1257187647393254,,1.1617374573020245,,-0.10420002824354624,0.1635889685634082,True,seed_exact,seed_exact,seed_exact,ok
nglr_20260604_232837,natural_gradient_local_rate,random_feature,0,32,5.0,1.6928499567265283,16384,symmetrized,torch,2048,0.067592316662427,0.9752908382464699,0.19097569315270418,,5.106884662367096,0.7843151450937658,,0.4733019017363679,2.1128163574483296,1.9259377798776685,8.38064115959789e-16,1.909113746769638e-15,7.845955607497162e-16,9.677974721242582e-16,0.2142857142857143,0.0491965649785553,0.3737551422853025,0.8096825555345293,0.13647866249084473,ok,,random_feature,120,cuda,float64,torch_dense_eigh,64,32,True,2.11.0+cu128,True,12.8,NVIDIA A100-SXM4-40GB,True,0.44903854701328133,,560,2.5088,0.017625093460083008,0.01819133758544922,137.306112,not_separable,,,,0.9752908382464699,2.6094379124341005,0.6666666666666665,16.32662240617609,0.33333333333333337,1.6666666666666665,0.39381320477793735,True,1.3574998592935941e-16,0.0,0.6666666666666667,1.3223544626737482,528,31.03030303030303,0.1795175827043134,1.083149897315334,0.4695332258297944,-0.10785905906886406,0.003768675906573482,-0.016958374111348373,0.850913422021208,0.4796991096579581,0.12437741622526188,-0.006397207921590209,1.1461692964365555,,0.7843151450937658,,-0.10785905906886406,0.12437741622526188,True,seed_exact,seed_exact,seed_exact,ok
nglr_20260604_232837,natural_gradient_local_rate,random_feature,0,32,5.0,1.6064751742700543,32768,symmetrized,torch,2048,0.06507730102173608,0.6621987977651561,0.11347168154752132,,5.83580668528148,0.5487271162176348,,0.6269244523519515,1.5950885250183322,1.369106742406486,3.3970128374007514e-16,1.0658141036401503e-14,4.732108533749433e-16,6.691076064701655e-16,0.2142857142857143,0.0491965649785553,0.25377066632233175,0.6112766728105147,0.1451418399810791,ok,,random_feature,120,cuda,float64,torch_dense_eigh,64,32,True,2.11.0+cu128,True,12.8,NVIDIA A100-SXM4-40GB,True,0.29696487650503933,,560,2.5088,0.03220343589782715,0.018068313598632812,141.500416,not_separable,,,,0.6621987977651561,2.6094379124341005,0.6666666666666665,16.32662240617609,0.33333333333333337,1.6666666666666665,0.41498722006058064,True,1.2405205530339607e-16,0.0,0.6666666666666667,1.3262400503938925,528,62.06060606060606,0.1269381000724369,0.7432803989063969,0.6237877729910936,-0.08108160114124074,0.00313667936085793,-0.00802080687022011,0.6448598244485103,0.5831383033786434,0.0173389733166458,0.043786148973308125,1.0268879726403708,,0.5487271162176348,,-0.08108160114124074,0.0173389733166458,True,seed_exact,seed_exact,seed_exact,ok
nglr_20260604_232837,natural_gradient_local_rate,random_feature,0,32,5.0,1.6089615613910044,65536,symmetrized,torch,2048,0.06494048385641052,0.4999537689378081,0.10446875723863423,,4.785677384825988,0.3954850116991738,,0.7252616915268487,1.3788126571179593,1.1761696212069526,2.736562373339848e-16,3.552713678800501e-15,1.899911279360426e-16,6.7541014974122e-16,0.2142857142857143,0.0491965649785553,0.19159442980248875,0.5283945061684928,0.17943978309631348,ok,,random_feature,120,cuda,float64,torch_dense_eigh,64,32,True,2.11.0+cu128,True,12.8,NVIDIA A100-SXM4-40GB,True,0.24316613156684969,,560,2.5088,0.06073808670043945,0.01780390739440918,149.889024,not_separable,,,,0.4999537689378081,2.6094379124341005,0.6666666666666665,16.32662240617609,0.33333333333333337,1.6666666666666665,0.4143459251383915,True,1.2495905869155747e-16,0.0,0.6666666666666667,1.3268870963889352,528,124.12121212121212,0.0897587913521567,0.5172294072638848,0.7505902550679345,-0.017275638326076703,-0.025328563541085813,0.04652784093753626,0.43778335494656345,0.6717094767382865,0.06217041399124462,0.0535522147885622,1.1420118268288963,,0.3954850116991738,,-0.017275638326076703,0.06217041399124462,True,seed_exact,seed_exact,seed_exact,ok
nglr_20260604_232837,natural_gradient_local_rate,random_feature,0,32,5.0,1.6070158130322647,131072,symmetrized,torch,2048,0.06404907984574904,0.3506366561034726,0.07802524723743647,,4.493887152147816,0.27261140886603613,,0.7999813638338411,1.2500291196879725,1.0862177193886282,4.440892098500626e-16,3.552713678800501e-15,2.4687647541836156e-16,3.1552183035562773e-16,0.2142857142857143,0.0491965649785553,0.1343724847533914,0.47904152604341416,0.2368009090423584,ok,,random_feature,120,cuda,float64,torch_dense_eigh,64,32,True,2.11.0+cu128,True,12.8,NVIDIA A100-SXM4-40GB,True,0.18600986232695962,,560,2.5088,0.12013602256774902,0.01779460906982422,166.66624,not_separable,,,,0.3506366561034726,2.6094379124341005,0.6666666666666665,16.32662240617609,0.33333333333333337,1.6666666666666665,0.4148476083808652,True,9.884069126176772e-17,0.0,0.6671443698017598,1.3333333333333333,528,248.24242424242425,0.06346905003621844,0.35570196915529584,0.8190778385473508,-0.005065313051823228,-0.019096474713509726,0.02914393278862004,0.29882429982193914,0.7320053113479176,0.05181235628153347,0.06797605248592353,1.1733873594363209,,0.27261140886603613,,-0.005065313051823228,0.05181235628153347,True,seed_exact,seed_exact,seed_exact,ok
nglr_20260604_232837,natural_gradient_local_rate,random_feature,0,32,5.0,1.6054793873246342,262144,symmetrized,torch,2048,0.06443823917475376,0.2546387659744814,0.05215310100182078,,4.882523974280866,0.2024856649726606,,0.849342236480639,1.1773816926185505,1.2158694815239368,2.7755575615628914e-16,8.881784197001252e-15,2.722911269212832e-16,4.832980571458769e-16,0.2142857142857143,0.0491965649785553,0.09758376114684127,0.4512012671419652,0.36643218994140625,ok,,random_feature,120,cuda,float64,torch_dense_eigh,64,32,True,2.11.0+cu128,True,12.8,NVIDIA A100-SXM4-40GB,True,0.12455312705153707,,560,2.5088,0.23923039436340332,0.01806330680847168,200.220672,not_separable,,,,0.2546387659744814,2.6094379124341005,0.6666666666666665,16.32662240617609,0.33333333333333337,1.6666666666666665,0.4152446128739142,True,1.317843312480786e-16,0.0,0.6666666666666667,1.3328483147441952,528,496.4848484848485,0.04487939567607835,0.25760443289739227,0.8759278157242479,-0.0029656669229108923,-0.026585579243608937,0.035735107079803985,0.18228316955221702,0.7746527257773812,0.07235559642226436,0.0746895107032578,1.3969406314362847,,0.2024856649726606,,-0.0029656669229108923,0.07235559642226436,True,seed_exact,seed_exact,seed_exact,ok
nglr_20260604_232837,natural_gradient_local_rate,random_feature,1,32,5.0,1.8413662158306228,8192,symmetrized,torch,2048,0.13108049597089275,1.46397672456109,0.4058455853827191,,3.6072259432871143,1.058131139178371,,0.3020691967788217,3.3104997486129335,1.3784310755797269,6.757498462277961e-16,1.0441133237204943e-14,4.562751846298107e-16,6.529502646855308e-16,0.2142857142857143,0.0491965649785553,0.5610314457321128,1.2686639267553517,0.10429835319519043,ok,,random_feature,120,cuda,float64,torch_dense_eigh,64,32,True,2.11.0+cu128,True,12.8,NVIDIA A100-SXM4-40GB,True,0.733810067180155,,560,2.5088,0.00939488410949707,0.01430368423461914,135.20896,not_separable,,,,1.46397672456109,2.6094379124341005,0.6666666666666665,16.32662240617609,0.33333333333333337,1.6666666666666665,0.36205001532839554,True,1.1554361388573746e-16,0.0,0.6684356997280136,1.3333333333333333,528,15.515151515151516,0.2538762001448738,1.531728942233836,0.30481280006320366,-0.06775221767274608,-0.002743603284381946,0.02979762654769358,1.3134368716294458,0.2569963050935428,0.15053985293164418,0.04507289168527889,1.1146152176654558,,1.058131139178371,,-0.06775221767274608,0.15053985293164418,True,seed_exact,seed_exact,seed_exact,ok
nglr_20260604_232837,natural_gradient_local_rate,random_feature,1,32,5.0,1.775468726614983,16384,symmetrized,torch,2048,0.1173721357273436,0.9770311732636219,0.2133283684322865,,4.579940213501167,0.7637028048313353,,0.4891108045646222,2.044526497201675,1.9388633892765512,4.579669976578771e-16,6.026484409092817e-15,8.605548917090507e-16,1.6984186027409127e-15,0.2142857142857143,0.0491965649785553,0.37442208094242063,0.7835122220994051,0.13698410987854004,ok,,random_feature,120,cuda,float64,torch_dense_eigh,64,32,True,2.11.0+cu128,True,12.8,NVIDIA A100-SXM4-40GB,True,0.462054777477703,,560,2.5088,0.017016172409057617,0.017934322357177734,137.306112,not_separable,,,,0.9770311732636219,2.6094379124341005,0.6666666666666665,16.32662240617609,0.33333333333333337,1.6666666666666665,0.37548769892314515,True,1.364870269528066e-16,0.0,0.6666666666666667,1.3246538251271471,528,31.03030303030303,0.1795175827043134,1.0113667762146306,0.5142453600000747,-0.03433560295100868,-0.02513455543545251,0.09992946671052017,0.8270551831066641,0.44944327372102594,0.14997599015695773,0.039667530843596255,1.181337343892343,,0.7637028048313353,,-0.03433560295100868,0.14997599015695773,True,seed_exact,seed_exact,seed_exact,ok
nglr_20260604_232837,natural_gradient_local_rate,random_feature,1,32,5.0,1.7734887714577663,32768,symmetrized,torch,2048,0.11782053681946228,0.7125914417853244,0.18419723302547106,,3.8686327154913682,0.5283942087598533,,0.6563799212330956,1.523507907008138,1.5002536527172972,5.551115123125783e-16,1.2702511558963356e-15,3.900518840423746e-16,6.686199219932404e-16,0.2142857142857143,0.0491965649785553,0.27308235171635664,0.583845241056914,0.14934992790222168,ok,,random_feature,120,cuda,float64,torch_dense_eigh,64,32,True,2.11.0+cu128,True,12.8,NVIDIA A100-SXM4-40GB,True,0.3310948197901437,,560,2.5088,0.031256675720214844,0.018073320388793945,141.500416,not_separable,,,,0.7125914417853244,2.6094379124341005,0.6666666666666665,16.32662240617609,0.33333333333333337,1.6666666666666665,0.37590690022733114,True,1.1360601228493728e-16,0.0,0.6666666666666667,1.3294623797839593,528,62.06060606060606,0.1269381000724369,0.7175363012815693,0.6522781904691098,-0.004944859496244902,0.004101730763985789,-0.009580297705273022,0.6162515939798355,0.5665613189141032,0.09633984780548888,0.08981860231899241,1.1563320058668136,,0.5283942087598533,,-0.004944859496244902,0.09633984780548888,True,seed_exact,seed_exact,seed_exact,ok
nglr_20260604_232837,natural_gradient_local_rate,random_feature,1,32,5.0,1.7351298642550088,65536,symmetrized,torch,2048,0.08929870126195355,0.5109247469097317,0.1346677413785725,,3.7939653674998586,0.37625700553115915,,0.7366044083298527,1.3575807973609062,1.9434059132624113,5.273559366969494e-16,3.552713678800501e-15,4.044668545996747e-16,5.495614750448394e-16,0.2142857142857143,0.0491965649785553,0.19579877508299776,0.5202579417168605,0.17832088470458984,ok,,random_feature,120,cuda,float64,torch_dense_eigh,64,32,True,2.11.0+cu128,True,12.8,NVIDIA A100-SXM4-40GB,True,0.27022763109462833,,560,2.5088,0.06143617630004883,0.017815351486206055,149.889024,not_separable,,,,0.5109247469097317,2.6094379124341005,0.6666666666666665,16.32662240617609,0.33333333333333337,1.6666666666666665,0.3842171588424046,True,1.2778671920058717e-16,0.0,0.6666666666666667,1.3292699994664268,528,124.12121212121212,0.0897587913521567,0.5243399377782887,0.7344341151000117,-0.013415190868557025,0.0021702932298410804,-0.00401172597091759,0.44305485987091325,0.6894071655576354,0.06786988703881841,0.047197242772217374,1.1531861924696927,,0.37625700553115915,,-0.013415190868557025,0.06786988703881841,True,seed_exact,seed_exact,seed_exact,ok
nglr_20260604_232837,natural_gradient_local_rate,random_feature,1,32,5.0,1.706567218278914,131072,symmetrized,torch,2048,0.09288928751993221,0.3723439612416441,0.09888485206112096,,3.7654297243777783,0.27345910918052313,,0.8127693812021682,1.2303613092817285,1.0802848030923933,4.440892098500626e-16,1.7763568394002505e-15,2.199678786312468e-16,7.46813908827425e-16,0.2142857142857143,0.0491965649785553,0.14269125142522332,0.4715043432989902,0.2388157844543457,ok,,random_feature,120,cuda,float64,torch_dense_eigh,64,32,True,2.11.0+cu128,True,12.8,NVIDIA A100-SXM4-40GB,True,0.1889312503403788,,560,2.5088,0.12199020385742188,0.01786947250366211,166.66624,not_separable,,,,0.3723439612416441,2.6094379124341005,0.6666666666666665,16.32662240617609,0.33333333333333337,1.6666666666666665,0.39064776325599704,True,1.4931886809631796e-16,0.0,0.6666666666666667,1.3238162513213292,528,248.24242424242425,0.06346905003621844,0.36454509219845643,0.8055779158451908,0.007798869043187662,0.007191465356977456,-0.010983544308041049,0.3040786407002993,0.7553305754799833,0.06826532054134482,0.05743880572218496,1.224498900626918,,0.27345910918052313,,0.007798869043187662,0.06826532054134482,True,seed_exact,seed_exact,seed_exact,ok
nglr_20260604_232837,natural_gradient_local_rate,random_feature,1,32,5.0,1.6779937403841316,262144,symmetrized,torch,2048,0.08980523002316085,0.2563974326998634,0.059183477972119786,,4.332246793955695,0.19721395472774364,,0.8538631255947062,1.1711478924722403,0.6879290619848105,3.885780586188048e-16,1.2434497875801753e-14,2.097040283265935e-16,5.575422472638913e-16,0.2142857142857143,0.0491965649785553,0.09825772495989156,0.44881232348608974,0.36410951614379883,ok,,random_feature,120,cuda,float64,torch_dense_eigh,64,32,True,2.11.0+cu128,True,12.8,NVIDIA A100-SXM4-40GB,True,0.1378351805970921,,560,2.5088,0.23410463333129883,0.017946243286132812,200.220672,not_separable,,,,0.2563974326998634,2.6094379124341005,0.6666666666666665,16.32662240617609,0.33333333333333337,1.6666666666666665,0.39729985316515615,True,1.52380585727058e-16,0.0,0.6666666666666667,1.3247228008164769,528,496.4848484848485,0.04487939567607835,0.24678051101408735,0.8656250892008969,0.009616921685776075,-0.01176196360619064,0.015913354477100183,0.20039631985223405,0.791911179007098,0.056001112847629375,0.061951946587608275,1.2794518027522803,,0.19721395472774364,,0.009616921685776075,0.056001112847629375,True,seed_exact,seed_exact,seed_exact,ok
nglr_20260604_232837,natural_gradient_local_rate,gaussian,0,64,5.0,0.0,8192,symmetrized,torch,2048,,4.078261655194722,0.7545317011803684,1.3831867155085286e-15,5.405023604461951,3.3237299540143534,0.754531701180367,-1.0235175431458121,-0.9770228235917381,1.4851727349393522,1.866953320419988e-15,1.5862619807125318e-15,5.732015533445722e-16,5.386568958627584e-16,0.25,0.0491965649785553,1.562888940856421,-0.37441888114531335,0.1329951286315918,ok,,gaussian,120,cuda,float64,torch_dense_eigh,64,32,True,2.11.0+cu128,True,12.8,NVIDIA A100-SXM4-40GB,True,1.4662457773725353,4.07826165519472,2144,36.773888,0.011912822723388672,0.08648538589477539,353.127936,ok,0.0,1.0,gaussian,4.078261655194722,2.6094379124341005,0.0,16.32662240617609,1.0,1.0,0.0,False,,,,,2080,3.9384615384615387,0.5038911092686593,4.078261655194722,-1.0235175431458121,0.0,0.0,0.0,3.757223926459945,-1.0500704018285412,0.321037728734777,0.026552858682729052,1.085445460536407,4.07826165519472,3.3237299540143534,0.754531701180367,0.0,0.321037728734777,True,seed_exact,seed_exact,seed_exact,ok
nglr_20260604_232837,natural_gradient_local_rate,gaussian,0,64,5.0,0.0,16384,symmetrized,torch,2048,,2.856170538357802,0.500691975220659,1.3831867155085286e-15,5.704446405595106,2.355478563137143,0.5006919752206577,-0.4318973355917655,-2.315365059221416,1.5002595694099725,8.881784197001252e-16,7.624302222045621e-16,3.8486739984870526e-16,4.2183764420422187e-16,0.25,0.0491965649785553,1.0945539362128558,-0.8873041386378987,0.143326997756958,ok,,gaussian,120,cuda,float64,torch_dense_eigh,64,32,True,2.11.0+cu128,True,12.8,NVIDIA A100-SXM4-40GB,True,1.00109417219196,2.8561705383578007,2144,36.773888,0.022975683212280273,0.08574628829956055,357.32224,ok,0.0,1.0,gaussian,2.856170538357802,2.6094379124341005,0.0,16.32662240617609,1.0,1.0,0.0,False,,,,,2080,7.876923076923077,0.3563048203434806,2.856170538357802,-0.4318973355917655,0.0,0.0,0.0,2.6812405413760914,-0.4946215769989892,0.17492999698171063,0.06272424140722366,1.0652421870705906,2.8561705383578007,2.355478563137143,0.5006919752206577,0.0,0.17492999698171063,True,seed_exact,seed_exact,seed_exact,ok
nglr_20260604_232837,natural_gradient_local_rate,gaussian,0,64,5.0,0.0,32768,symmetrized,torch,2048,,2.0065945763104343,0.3351406794597593,1.3831867155085286e-15,5.987320248753534,1.671453896850675,0.3351406794597579,-0.025320449044746136,-39.49377036058114,1.5124458790175934,1.0083932935667322e-15,1.7867012899473327e-15,7.602970569758763e-16,5.492568430170612e-16,0.25,0.0491965649785553,0.7689757885209347,-15.134972237657532,0.1653447151184082,ok,,gaussian,120,cuda,float64,torch_dense_eigh,64,32,True,2.11.0+cu128,True,12.8,NVIDIA A100-SXM4-40GB,True,0.7087250241517454,2.006594576310433,2144,36.773888,0.045406341552734375,0.08589053153991699,365.710848,ok,0.0,1.0,gaussian,2.0065945763104343,2.6094379124341005,0.0,16.32662240617609,1.0,1.0,0.0,False,,,,,2080,15.753846153846155,0.25194555463432966,2.0065945763104343,-0.025320449044746136,0.0,0.0,0.0,1.8899802274923059,-0.07614497809799273,0.11661434881812838,0.050824529053246595,1.0617013591580566,2.006594576310433,1.671453896850675,0.3351406794597579,0.0,0.11661434881812838,True,seed_exact,seed_exact,seed_exact,ok
nglr_20260604_232837,natural_gradient_local_rate,gaussian,0,64,5.0,0.0,65536,symmetrized,torch,2048,,1.440466943382759,0.24739933529715702,1.3831867155085286e-15,5.822436594878402,1.193067608085602,0.24739933529715563,0.2731180959250607,3.6614197847746577,1.0310242196633825,6.354307568757298e-16,2.5422784485228803e-15,3.994213412827729e-16,7.439683544336764e-16,0.25,0.0491965649785553,0.5520219264535335,1.4031450096313125,0.2164449691772461,ok,,gaussian,120,cuda,float64,torch_dense_eigh,64,32,True,2.11.0+cu128,True,12.8,NVIDIA A100-SXM4-40GB,True,0.504110410810717,1.4404669433827577,2144,36.773888,0.09003925323486328,0.0856626033782959,382.488064,ok,0.0,1.0,gaussian,1.440466943382759,2.6094379124341005,0.0,16.32662240617609,1.0,1.0,0.0,False,,,,,2080,31.50769230769231,0.1781524101717403,1.440466943382759,0.2731180959250607,0.0,0.0,0.0,1.2459341916354107,0.20510653066295978,0.1945327517473483,0.06801156526210092,1.1561340503000443,1.4404669433827577,1.193067608085602,0.24739933529715563,0.0,0.1945327517473483,True,seed_exact,seed_exact,seed_exact,ok
nglr_20260604_232837,natural_gradient_local_rate,gaussian,0,64,5.0,0.0,131072,symmetrized,torch,2048,,1.031857168817281,0.17844327085774858,1.3831867155085286e-15,5.782550184477715,0.8534138979595325,0.1784432708577472,0.4971153311742952,2.011605632113138,1.14673324358529,1.5543122344752192e-15,2.3893948823200007e-15,4.143600968270834e-16,5.842707530691019e-16,0.25,0.0491965649785553,0.39543273434498316,0.7708961468397995,0.30925869941711426,ok,,gaussian,120,cuda,float64,torch_dense_eigh,64,32,True,2.11.0+cu128,True,12.8,NVIDIA A100-SXM4-40GB,True,0.3282041708006815,1.0318571688172797,2144,36.773888,0.1796436309814453,0.08452963829040527,416.042496,ok,0.0,1.0,gaussian,1.031857168817281,2.6094379124341005,0.0,16.32662240617609,1.0,1.0,0.0,False,,,,,2080,63.01538461538462,0.12597277731716483,1.031857168817281,0.4971153311742952,0.0,0.0,0.0,0.8802939704226665,0.43900636797167975,0.15156319839461452,0.05810896320261544,1.1721733914885757,1.0318571688172797,0.8534138979595325,0.1784432708577472,0.0,0.15156319839461452,True,seed_exact,seed_exact,seed_exact,ok
nglr_20260604_232837,natural_gradient_local_rate,gaussian,0,64,5.0,0.0,262144,symmetrized,torch,2048,,0.7260349423761547,0.12861241713037433,1.3831867155085286e-15,5.645138771011306,0.5974225252457804,0.12861241713037294,0.6492572620553604,1.540221509166166,1.5918310272957916,4.440892098500626e-16,1.4951481921002899e-15,3.3512306212831645e-16,3.6050647040572626e-16,0.25,0.0491965649785553,0.2782342277302565,0.5902502994330443,0.5030629634857178,ok,,gaussian,120,cuda,float64,torch_dense_eigh,64,32,True,2.11.0+cu128,True,12.8,NVIDIA A100-SXM4-40GB,True,0.2308504347525604,0.7260349423761534,2144,36.773888,0.35802125930786133,0.0853724479675293,483.15136,ok,0.0,1.0,gaussian,0.7260349423761547,2.6094379124341005,0.0,16.32662240617609,1.0,1.0,0.0,False,,,,,2080,126.03076923076924,0.08907620508587015,0.7260349423761547,0.6492572620553604,0.0,0.0,0.0,0.6507340627627262,0.5959460743776464,0.07530087961342857,0.053311187677714034,1.1157168249249696,0.7260349423761534,0.5974225252457804,0.12861241713037294,0.0,0.07530087961342857,True,seed_exact,seed_exact,seed_exact,ok
nglr_20260604_232837,natural_gradient_local_rate,gaussian,1,64,5.0,0.0,8192,symmetrized,torch,2048,,3.908815649939272,0.6235427114670734,1.3831867155085286e-15,6.268721577616708,3.2852729384721986,0.6235427114670721,-0.9550744669846093,-1.0470387750572276,1.8241976397406385,3.1195663570956447e-15,1.623471634330865e-14,5.069931687359673e-16,7.488466417644929e-16,0.25,0.0491965649785553,1.4979531152335805,-0.4012506946680111,0.13010001182556152,ok,,gaussian,120,cuda,float64,torch_dense_eigh,64,32,True,2.11.0+cu128,True,12.8,NVIDIA A100-SXM4-40GB,True,1.2386270365154273,3.9088156499392706,2144,36.773888,0.01198887825012207,0.08451294898986816,353.127936,ok,0.0,1.0,gaussian,3.908815649939272,2.6094379124341005,0.0,16.32662240617609,1.0,1.0,0.0,False,,,,,2080,3.9384615384615387,0.5038911092686593,3.908815649939272,-0.9550744669846093,0.0,0.0,0.0,3.9386811505442667,-1.0032974115339446,-0.02986550060499482,0.04822294454933529,0.9924173855502704,3.9088156499392706,3.2852729384721986,0.6235427114670721,0.0,-0.02986550060499482,True,seed_exact,seed_exact,seed_exact,ok
nglr_20260604_232837,natural_gradient_local_rate,gaussian,1,64,5.0,0.0,16384,symmetrized,torch,2048,,2.7690190018683234,0.3641606570961207,1.3831867155085286e-15,7.603838986750941,2.4048583447722027,0.36416065709611933,-0.4055182841498193,-2.465980053393964,1.6973102946733005,1.4362178390217291e-15,4.197839372623367e-15,3.2265992136872e-16,7.283536878372784e-16,0.25,0.0491965649785553,1.0611553502284194,-0.9450234633456681,0.14402055740356445,ok,,gaussian,120,cuda,float64,torch_dense_eigh,64,32,True,2.11.0+cu128,True,12.8,NVIDIA A100-SXM4-40GB,True,0.7642969137651752,2.769019001868322,2144,36.773888,0.0229339599609375,0.08574986457824707,357.32224,ok,0.0,1.0,gaussian,2.7690190018683234,2.6094379124341005,0.0,16.32662240617609,1.0,1.0,0.0,False,,,,,2080,7.876923076923077,0.3563048203434806,2.7690190018683234,-0.4055182841498193,0.0,0.0,0.0,2.7865109771530188,-0.45128026581382286,-0.01749197528469537,0.04576198166400358,0.9937226246628438,2.769019001868322,2.4048583447722027,0.36416065709611933,0.0,-0.01749197528469537,True,seed_exact,seed_exact,seed_exact,ok
nglr_20260604_232837,natural_gradient_local_rate,gaussian,1,64,5.0,0.0,32768,symmetrized,torch,2048,,2.082218578312697,0.34356492092211954,1.3831867155085286e-15,6.060626249979407,1.7386536573905773,0.34356492092211816,-0.009135304853200995,-109.46542190648425,1.9433180922293969,1.5543122344752192e-15,1.6034946960331645e-15,2.3611276291889e-16,7.199100320845089e-16,0.25,0.0491965649785553,0.797956743247587,-41.949808954976895,0.16571378707885742,ok,,gaussian,120,cuda,float64,torch_dense_eigh,64,32,True,2.11.0+cu128,True,12.8,NVIDIA A100-SXM4-40GB,True,0.6182940968066163,2.0822185783126956,2144,36.773888,0.0452573299407959,0.08581805229187012,365.710848,ok,0.0,1.0,gaussian,2.082218578312697,2.6094379124341005,0.0,16.32662240617609,1.0,1.0,0.0,False,,,,,2080,15.753846153846155,0.25194555463432966,2.082218578312697,-0.009135304853200995,0.0,0.0,0.0,2.019594884637971,0.018301217631336093,0.06262369367472598,-0.02743652248453709,1.0310080472826866,2.0822185783126956,1.7386536573905773,0.34356492092211816,0.0,0.06262369367472598,True,seed_exact,seed_exact,seed_exact,ok
nglr_20260604_232837,natural_gradient_local_rate,gaussian,1,64,5.0,0.0,65536,symmetrized,torch,2048,,1.4721756997047657,0.23866487893760868,1.3831867155085286e-15,6.168380141468654,1.233510820767157,0.2386648789376073,0.26318339522928397,3.7996318085675784,1.5180730531518152,6.661338147750939e-16,5.118221239503916e-15,4.2403706349089274e-16,3.0165297434892735e-16,0.25,0.0491965649785553,0.5641734921876377,1.4561112147800663,0.2171306610107422,ok,,gaussian,120,cuda,float64,torch_dense_eigh,64,32,True,2.11.0+cu128,True,12.8,NVIDIA A100-SXM4-40GB,True,0.47503201547615637,1.4721756997047644,2144,36.773888,0.0902719497680664,0.08574461936950684,382.488064,ok,0.0,1.0,gaussian,1.4721756997047657,2.6094379124341005,0.0,16.32662240617609,1.0,1.0,0.0,False,,,,,2080,31.50769230769231,0.1781524101717403,1.4721756997047657,0.26318339522928397,0.0,0.0,0.0,1.3872603387768057,0.2770558290581093,0.08491536092796004,-0.013872433828825359,1.0612108330025731,1.4721756997047644,1.233510820767157,0.2386648789376073,0.0,0.08491536092796004,True,seed_exact,seed_exact,seed_exact,ok
nglr_20260604_232837,natural_gradient_local_rate,gaussian,1,64,5.0,0.0,131072,symmetrized,torch,2048,,1.0230173002195484,0.21252478453170787,1.3831867155085286e-15,4.813637630423845,0.8104925156878405,0.21252478453170648,0.5007335577946951,1.9970700673710555,1.560548587472377,9.197394960850694e-16,1.9460049937461596e-15,6.753523007569576e-16,3.714384988040748e-16,0.25,0.0491965649785553,0.39204508194842286,0.7653257653132569,0.30895566940307617,ok,,gaussian,120,cuda,float64,torch_dense_eigh,64,32,True,2.11.0+cu128,True,12.8,NVIDIA A100-SXM4-40GB,True,0.3974234172711838,1.023017300219547,2144,36.773888,0.17927956581115723,0.08453869819641113,416.042496,ok,0.0,1.0,gaussian,1.0230173002195484,2.6094379124341005,0.0,16.32662240617609,1.0,1.0,0.0,False,,,,,2080,63.01538461538462,0.12597277731716483,1.0230173002195484,0.5007335577946951,0.0,0.0,0.0,1.0036564851065433,0.4714861096177802,0.019360815113005136,0.02924744817691488,1.0192902804896935,1.023017300219547,0.8104925156878405,0.21252478453170648,0.0,0.019360815113005136,True,seed_exact,seed_exact,seed_exact,ok
nglr_20260604_232837,natural_gradient_local_rate,gaussian,1,64,5.0,0.0,262144,symmetrized,torch,2048,,0.7149248858785425,0.15163993737928702,1.3831867155085286e-15,4.7146213473456395,0.5632849484992555,0.15163993737928563,0.6542977887585866,1.5283560745288804,1.075005697144394,4.3845266719288005e-16,2.234458579620718e-15,2.195281544877502e-16,5.456617130621872e-16,0.25,0.0491965649785553,0.27397658418002213,0.5857031766290313,0.5048232078552246,ok,,gaussian,120,cuda,float64,torch_dense_eigh,64,32,True,2.11.0+cu128,True,12.8,NVIDIA A100-SXM4-40GB,True,0.27756518602347807,0.7149248858785412,2144,36.773888,0.35941648483276367,0.08494234085083008,483.15136,ok,0.0,1.0,gaussian,0.7149248858785425,2.6094379124341005,0.0,16.32662240617609,1.0,1.0,0.0,False,,,,,2080,126.03076923076924,0.08907620508587015,0.7149248858785425,0.6542977887585866,0.0,0.0,0.0,0.6563409566833796,0.6013335739380153,0.058583929195162976,0.05296421482057123,1.089258377979639,0.7149248858785412,0.5632849484992555,0.15163993737928563,0.0,0.058583929195162976,True,seed_exact,seed_exact,seed_exact,ok
nglr_20260604_232837,natural_gradient_local_rate,separable,0,64,5.0,0.7613411103919003,8192,symmetrized,torch,2048,,3.757223926459945,0.43668526679454023,0.11613551851266092,8.603963110639391,3.320538659665405,0.3205497482818793,-1.0500704018285412,-0.9523171001283809,1.8051625345456146,4.161461421607116e-15,2.8502063885168307e-15,6.358316155870769e-16,1.2621450423227091e-15,0.2142857142857143,0.0491965649785553,1.4398594841274388,-0.3649510477296827,0.2801094055175781,ok,,separable,120,cuda,float64,torch_dense_eigh,64,32,True,2.11.0+cu128,True,12.8,NVIDIA A100-SXM4-40GB,True,1.2955469873020942,3.641088407947284,2144,36.773888,0.012688636779785156,0.08551335334777832,487.31392,ok,,,separable_exact,3.757223926459945,2.6094379124341005,0.6666666666666665,16.32662240617609,0.33333333333333337,1.6666666666666665,0.8756477977703055,False,1.1050240449813882e-16,0.0,0.5397104692245558,1.6666666404947585,2080,3.9384615384615387,0.5038911092686593,4.078261655194722,-1.0235175431458121,-0.321037728734777,-0.026552858682729052,0.0247057234633572,3.757223926459945,-1.0500704018285412,0.0,0.0,1.0,3.641088407947284,3.320538659665405,0.3205497482818793,-0.321037728734777,0.0,True,seed_exact,seed_exact,seed_exact,ok
nglr_20260604_232837,natural_gradient_local_rate,separable,0,64,5.0,0.7602223103918356,16384,symmetrized,torch,2048,,2.6812405413760914,0.34681705545743535,0.11596485595898297,7.730993903513948,2.334423485918656,0.23085219949845237,-0.4946215769989892,-2.0217476278881454,1.7393054728573436,3.912036086785901e-15,3.500839052913085e-15,5.223544184345878e-16,1.9767190342176043e-15,0.2142857142857143,0.0491965649785553,1.0275165117360516,-0.7747828060037061,0.32968926429748535,ok,,separable,120,cuda,float64,torch_dense_eigh,64,32,True,2.11.0+cu128,True,12.8,NVIDIA A100-SXM4-40GB,True,1.018117524260191,2.5652756854171086,2144,36.773888,0.026925086975097656,0.10744071006774902,491.508224,ok,,,separable_exact,2.6812405413760914,2.6094379124341005,0.6666666666666665,16.32662240617609,0.33333333333333337,1.6666666666666665,0.8769364665489121,False,1.0056923092745695e-16,0.0,0.539453338563983,1.6666666405332187,2080,7.876923076923077,0.3563048203434806,2.856170538357802,-0.4318973355917655,-0.17492999698171063,-0.06272424140722366,0.2936174313332707,2.6812405413760914,-0.4946215769989892,0.0,0.0,1.0,2.5652756854171086,2.334423485918656,0.23085219949845237,-0.17492999698171063,0.0,True,seed_exact,seed_exact,seed_exact,ok
nglr_20260604_232837,natural_gradient_local_rate,separable,0,64,5.0,0.7625902171431741,32768,symmetrized,torch,2048,,1.8899802274923059,0.1288493234364722,0.11632605815153865,14.668142424699193,1.7611309040558336,0.012523265284933555,-0.07614497809799273,-13.132842440549092,1.8297581944852035,1.5543122344752192e-15,6.654412260403032e-15,5.325259757659959e-16,6.692512229109977e-16,0.2142857142857143,0.0491965649785553,0.7242863371021233,-5.032824263788937,0.3517031669616699,ok,,separable,120,cuda,float64,torch_dense_eigh,64,32,True,2.11.0+cu128,True,12.8,NVIDIA A100-SXM4-40GB,True,0.5251975804252368,1.7736541693407673,2144,36.773888,0.05362391471862793,0.09996819496154785,499.896832,ok,,,separable_exact,1.8899802274923059,2.6094379124341005,0.6666666666666665,16.32662240617609,0.33333333333333337,1.6666666666666665,0.874213505077658,False,1.2777616125398839e-16,0.0,0.5376777355352591,1.6666666564814911,2080,15.753846153846155,0.25194555463432966,2.0065945763104343,-0.025320449044746136,-0.11661434881812838,-0.050824529053246595,26.360927920032047,1.8899802274923059,-0.07614497809799273,0.0,0.0,1.0,1.7736541693407673,1.7611309040558336,0.012523265284933555,-0.11661434881812838,0.0,True,seed_exact,seed_exact,seed_exact,ok
nglr_20260604_232837,natural_gradient_local_rate,separable,0,64,5.0,0.7633406955709946,65536,symmetrized,torch,2048,,1.2459341916354107,0.13916529672498784,0.11644053666866826,8.952908670166309,1.1067688949104229,0.022724760056319585,0.20510653066295978,4.875515161646631,1.6901581902751348,2.6645352591003757e-15,2.19034524540441e-15,1.0930729148748524e-15,4.362434875905535e-16,0.2142857142857143,0.0491965649785553,0.4774722501342043,1.8684158524771026,0.40448999404907227,ok,,separable,120,cuda,float64,torch_dense_eigh,64,32,True,2.11.0+cu128,True,12.8,NVIDIA A100-SXM4-40GB,True,0.49615176180141485,1.1294936549667425,2144,36.773888,0.10633730888366699,0.08975863456726074,516.674048,ok,,,separable_exact,1.2459341916354107,2.6094379124341005,0.6666666666666665,16.32662240617609,0.33333333333333337,1.6666666666666665,0.8733540220438348,False,1.2788080111238802e-16,0.0,0.5368868246792939,1.6666666564714678,2080,31.50769230769231,0.1781524101717403,1.440466943382759,0.2731180959250607,-0.1945327517473483,-0.06801156526210092,1.2140953768719736,1.2459341916354107,0.20510653066295978,0.0,0.0,1.0,1.1294936549667425,1.1067688949104229,0.022724760056319585,-0.1945327517473483,0.0,True,seed_exact,seed_exact,seed_exact,ok
nglr_20260604_232837,natural_gradient_local_rate,separable,0,64,5.0,0.7637368879937781,131072,symmetrized,torch,2048,,0.8802939704226665,0.13851263731923572,0.1165009721447285,6.355333256660309,0.7417813331034309,0.022011665174507214,0.43900636797167975,2.2778712860595904,1.0261008296241165,1.0688908273238116e-15,7.779070100758584e-15,7.842800919469456e-16,4.248251553416467e-16,0.2142857142857143,0.0491965649785553,0.33735003474427283,0.8729356139134107,0.506922721862793,ok,,separable,120,cuda,float64,torch_dense_eigh,64,32,True,2.11.0+cu128,True,12.8,NVIDIA A100-SXM4-40GB,True,0.36677060653922217,0.763792998277938,2144,36.773888,0.20963048934936523,0.08567976951599121,550.22848,ok,,,separable_exact,0.8802939704226665,2.6094379124341005,0.6666666666666665,16.32662240617609,0.33333333333333337,1.6666666666666665,0.8729009651712641,False,1.2939358972848977e-16,0.0,0.5370373204300014,1.6666666564661763,2080,63.01538461538462,0.12597277731716483,1.031857168817281,0.4971153311742952,-0.15156319839461452,-0.05810896320261544,0.2662656539464523,0.8802939704226665,0.43900636797167975,0.0,0.0,1.0,0.763792998277938,0.7417813331034309,0.022011665174507214,-0.15156319839461452,0.0,True,seed_exact,seed_exact,seed_exact,ok
nglr_20260604_232837,natural_gradient_local_rate,separable,0,64,5.0,0.7641230089516655,262144,symmetrized,torch,2048,,0.6507340627627262,0.1382939772163378,0.11655987131231688,4.705440365958682,0.5124400855463884,0.021734105904020917,0.5959460743776464,1.6780041735224316,0.5332313165663157,1.1695922156976766e-15,5.05765721731544e-15,2.9569933106443174e-16,4.023194611709644e-16,0.2142857142857143,0.0491965649785553,0.24937710135272667,0.6430519636150984,0.7263007164001465,ok,,separable,120,cuda,float64,torch_dense_eigh,64,32,True,2.11.0+cu128,True,12.8,NVIDIA A100-SXM4-40GB,True,0.2531678620902218,0.5341741914504092,2144,36.773888,0.4082150459289551,0.08567166328430176,617.337344,ok,,,separable_exact,0.6507340627627262,2.6094379124341005,0.6666666666666665,16.32662240617609,0.33333333333333337,1.6666666666666665,0.8724598773452672,False,1.1529980613703017e-16,0.0,0.5371119336332683,1.6666666617649646,2080,126.03076923076924,0.08907620508587015,0.7260349423761547,0.6492572620553604,-0.07530087961342857,-0.053311187677714034,0.13778266435626563,0.6507340627627262,0.5959460743776464,0.0,0.0,1.0,0.5341741914504092,0.5124400855463884,0.021734105904020917,-0.07530087961342857,0.0,True,seed_exact,seed_exact,seed_exact,ok
nglr_20260604_232837,natural_gradient_local_rate,separable,1,64,5.0,0.7213615827907677,8192,symmetrized,torch,2048,,3.9386811505442667,0.595183993171014,0.11066863397391681,6.617585815034792,3.343497157373253,0.4845153591970972,-1.0032974115339446,-0.9967134256542104,1.6173139400429537,1.887379141862766e-15,3.3785507412579286e-15,8.323331479832819e-16,1.802353877326312e-15,0.2142857142857143,0.0491965649785553,1.509398300598093,-0.3819647982060894,0.28307318687438965,ok,,separable,120,cuda,float64,torch_dense_eigh,64,32,True,2.11.0+cu128,True,12.8,NVIDIA A100-SXM4-40GB,True,1.334919329925594,3.82801251657035,2144,36.773888,0.012633800506591797,0.0857548713684082,487.31392,ok,,,separable_exact,3.9386811505442667,2.6094379124341005,0.6666666666666665,16.32662240617609,0.33333333333333337,1.6666666666666665,0.9241782243067338,False,9.980600000849843e-17,0.0,0.5565909884082184,1.6666443865446179,2080,3.9384615384615387,0.5038911092686593,3.908815649939272,-0.9550744669846093,0.02986550060499482,-0.04822294454933529,0.05032534940301725,3.9386811505442667,-1.0032974115339446,0.0,0.0,1.0,3.82801251657035,3.343497157373253,0.4845153591970972,0.02986550060499482,0.0,True,seed_exact,seed_exact,seed_exact,ok
nglr_20260604_232837,natural_gradient_local_rate,separable,1,64,5.0,0.7216602417558928,16384,symmetrized,torch,2048,,2.7865109771530188,0.41577568381601315,0.11071445313102608,6.70195753531871,2.3707352933370056,0.3050612306849871,-0.45128026581382286,-2.2159178580446794,1.4845629863881669,6.808486670910011e-16,7.105427357601002e-15,4.244497372846121e-16,1.3541921754773254e-15,0.2142857142857143,0.0491965649785553,1.0678587000959694,-0.849193555242576,0.3259119987487793,ok,,separable,120,cuda,float64,torch_dense_eigh,64,32,True,2.11.0+cu128,True,12.8,NVIDIA A100-SXM4-40GB,True,0.967712234451353,2.6757965240219925,2144,36.773888,0.02705979347229004,0.10238313674926758,491.508224,ok,,,separable_exact,2.7865109771530188,2.6094379124341005,0.6666666666666665,16.32662240617609,0.33333333333333337,1.6666666666666665,0.9237957533098682,False,1.5312985486788336e-16,0.0,0.558214746898916,1.6666658490752255,2080,7.876923076923077,0.3563048203434806,2.7690190018683234,-0.4055182841498193,0.01749197528469537,-0.04576198166400358,0.25006219534928453,2.7865109771530188,-0.45128026581382286,0.0,0.0,1.0,2.6757965240219925,2.3707352933370056,0.3050612306849871,0.01749197528469537,0.0,True,seed_exact,seed_exact,seed_exact,ok
nglr_20260604_232837,natural_gradient_local_rate,separable,1,64,5.0,0.7217731891479494,32768,symmetrized,torch,2048,,2.019594884637971,0.35507850568936966,0.11073178110341608,5.687741871947485,1.6645163789486013,0.24434672458595358,0.018301217631336093,54.641173070788426,1.924991353863645,1.4432899320127035e-15,1.2699456225591434e-14,5.556663973821014e-16,5.081690743576057e-16,0.2142857142857143,0.0491965649785553,0.7739578224929214,20.93982493717154,0.3535428047180176,ok,,separable,120,cuda,float64,torch_dense_eigh,64,32,True,2.11.0+cu128,True,12.8,NVIDIA A100-SXM4-40GB,True,0.6998216154201121,1.908863103534555,2144,36.773888,0.05342745780944824,0.10282731056213379,499.896832,ok,,,separable_exact,2.019594884637971,2.6094379124341005,0.6666666666666665,16.32662240617609,0.33333333333333337,1.6666666666666665,0.9236511922168572,False,1.2301308804443064e-16,0.0,0.5610634044362492,1.666666167055279,2080,15.753846153846155,0.25194555463432966,2.082218578312697,-0.009135304853200995,-0.06262369367472598,0.02743652248453709,164.10659497727266,2.019594884637971,0.018301217631336093,0.0,0.0,1.0,1.908863103534555,1.6645163789486013,0.24434672458595358,-0.06262369367472598,0.0,True,seed_exact,seed_exact,seed_exact,ok
nglr_20260604_232837,natural_gradient_local_rate,separable,1,64,5.0,0.7211437485659961,65536,symmetrized,torch,2048,,1.3872603387768057,0.23009710811943335,0.11063521465042722,6.0290211820338895,1.1571632306573723,0.11946189346900613,0.2770558290581093,3.6093808363449424,1.847177571485729,8.881784197001252e-16,4.741799170394467e-15,1.2405121382586035e-15,4.326667946685554e-16,0.2142857142857143,0.0491965649785553,0.5316318630025423,1.3832024203933209,0.42166686058044434,ok,,separable,120,cuda,float64,torch_dense_eigh,64,32,True,2.11.0+cu128,True,12.8,NVIDIA A100-SXM4-40GB,True,0.5160128707620796,1.2766251241263784,2144,36.773888,0.10643458366394043,0.10665726661682129,516.674048,ok,,,separable_exact,1.3872603387768057,2.6094379124341005,0.6666666666666665,16.32662240617609,0.33333333333333337,1.6666666666666665,0.924457388686156,False,9.759851023203309e-17,0.0,0.5622047144351714,1.666666372621751,2080,31.50769230769231,0.1781524101717403,1.4721756997047657,0.26318339522928397,-0.08491536092796004,0.013872433828825359,-0.19025097222263598,1.3872603387768057,0.2770558290581093,0.0,0.0,1.0,1.2766251241263784,1.1571632306573723,0.11946189346900613,-0.08491536092796004,0.0,True,seed_exact,seed_exact,seed_exact,ok
nglr_20260604_232837,natural_gradient_local_rate,separable,1,64,5.0,0.7210887562255519,131072,symmetrized,torch,2048,,1.0036564851065433,0.18378483304125626,0.11062677792834336,5.46104087316738,0.819871652065287,0.0731580551129129,0.4714861096177802,2.120953257373097,1.573571270303391,9.91408816327514e-16,2.0113535258697724e-15,4.3061136119106954e-16,8.682968379106051e-16,0.2142857142857143,0.0491965649785553,0.3846255472583082,0.8128008132581542,0.5066263675689697,ok,,separable,120,cuda,float64,torch_dense_eigh,64,32,True,2.11.0+cu128,True,12.8,NVIDIA A100-SXM4-40GB,True,0.4003773685718575,0.8930297071781998,2144,36.773888,0.20734167098999023,0.08577728271484375,550.22848,ok,,,separable_exact,1.0036564851065433,2.6094379124341005,0.6666666666666665,16.32662240617609,0.33333333333333337,1.6666666666666665,0.9245278905141292,False,1.150553477859103e-16,0.0,0.5627391090677505,1.6666663733724234,2080,63.01538461538462,0.12597277731716483,1.0230173002195484,0.5007335577946951,-0.019360815113005136,-0.02924744817691488,0.12388319000204162,1.0036564851065433,0.4714861096177802,0.0,0.0,1.0,0.8930297071781998,0.819871652065287,0.0731580551129129,-0.019360815113005136,0.0,True,seed_exact,seed_exact,seed_exact,ok
nglr_20260604_232837,natural_gradient_local_rate,separable,1,64,5.0,0.7207599490456507,262144,symmetrized,torch,2048,,0.6563409566833796,0.12622926807770624,0.11057633354329624,5.19959409318082,0.5301116886056734,0.015652934534409996,0.6013335739380153,1.6629705097807805,1.6273838901441455,1.214377608312205e-15,3.359738068340966e-15,7.848895010966462e-16,6.263158121338165e-16,0.2142857142857143,0.0491965649785553,0.251525799313286,0.6372906984514343,0.709054708480835,ok,,separable,120,cuda,float64,torch_dense_eigh,64,32,True,2.11.0+cu128,True,12.8,NVIDIA A100-SXM4-40GB,True,0.23248842116523855,0.5457646231400833,2144,36.773888,0.4054858684539795,0.08557891845703125,617.337344,ok,,,separable_exact,0.6563409566833796,2.6094379124341005,0.6666666666666665,16.32662240617609,0.33333333333333337,1.6666666666666665,0.9249496556369312,False,1.010352574142267e-16,0.0,0.563118229363271,1.6666663735061618,2080,126.03076923076924,0.08907620508587015,0.7149248858785425,0.6542977887585866,-0.058583929195162976,-0.05296421482057123,0.1346144352519001,0.6563409566833796,0.6013335739380153,0.0,0.0,1.0,0.5457646231400833,0.5301116886056734,0.015652934534409996,-0.058583929195162976,0.0,True,seed_exact,seed_exact,seed_exact,ok
nglr_20260604_232837,natural_gradient_local_rate,random_feature,0,64,5.0,2.7315452913188265,8192,symmetrized,torch,2048,,4.134589013581083,0.8257999984700922,,5.00676800828406,3.3087890151109907,,-1.0257417859201332,-0.9749042241688128,1.5827178001680444,3.2494476923544216e-15,1.3183786944423066e-14,1.0515478882876418e-15,9.355967443423784e-16,0.2142857142857143,0.0491965649785553,1.5844749529695887,-0.37360698237859813,0.14058351516723633,ok,,random_feature,120,cuda,float64,torch_dense_eigh,64,32,True,2.11.0+cu128,True,12.8,NVIDIA A100-SXM4-40GB,True,1.5515149671840212,,2144,36.773888,0.017625808715820312,0.10956907272338867,528.896,not_separable,,,,4.134589013581083,2.6094379124341005,0.6666666666666665,16.32662240617609,0.33333333333333337,1.6666666666666665,0.2440620951025092,True,1.838825146734917e-16,0.0,0.6666666666666667,1.3194408649425158,2080,3.9384615384615387,0.5038911092686593,4.078261655194722,-1.0235175431458121,0.05632735838636105,-0.0022242427743210946,0.002118599422925249,3.757223926459945,-1.0500704018285412,0.37736508712113803,0.024328615908407958,1.1004372096279849,,3.3087890151109907,,0.05632735838636105,0.37736508712113803,True,seed_exact,seed_exact,seed_exact,ok
nglr_20260604_232837,natural_gradient_local_rate,random_feature,0,64,5.0,2.7293662918591313,16384,symmetrized,torch,2048,,2.8092448010932873,0.5309503472224152,,5.290974600147487,2.2782944538708723,,-0.42036570609458906,-2.3788810207438376,1.3911670176794968,1.9984014443252818e-15,7.288210080311524e-15,9.115607859171309e-16,1.3538519561149756e-15,0.2142857142857143,0.0491965649785553,1.0765708537103325,-0.911644998107965,0.1512160301208496,ok,,random_feature,120,cuda,float64,torch_dense_eigh,64,32,True,2.11.0+cu128,True,12.8,NVIDIA A100-SXM4-40GB,True,1.0794301408522626,,2144,36.773888,0.03409862518310547,0.1029961109161377,533.090304,not_separable,,,,2.8092448010932873,2.6094379124341005,0.6666666666666665,16.32662240617609,0.33333333333333337,1.6666666666666665,0.24425694295966444,True,1.4462007475359706e-16,0.0,0.6666666666666667,1.3194899777439626,2080,7.876923076923077,0.3563048203434806,2.856170538357802,-0.4318973355917655,-0.046925737264514655,0.011531629497176454,-0.06351596152242145,2.6812405413760914,-0.4946215769989892,0.12800425971719598,0.07425587090440011,1.0477406848590691,,2.2782944538708723,,-0.046925737264514655,0.12800425971719598,True,seed_exact,seed_exact,seed_exact,ok
nglr_20260604_232837,natural_gradient_local_rate,random_feature,0,64,5.0,2.685666021344237,32768,symmetrized,torch,2048,,2.0111984739519166,0.3467024779127366,,5.800934813215052,1.66449599603918,,0.00482758013377087,207.14311772985326,1.9037471797705348,3.0520243986093493e-15,1.4872301577375567e-14,7.583356993498212e-16,7.071133499437294e-16,0.2142857142857143,0.0491965649785553,0.7707401139411889,79.38227491169883,0.19480133056640625,ok,,random_feature,120,cuda,float64,torch_dense_eigh,64,32,True,2.11.0+cu128,True,12.8,NVIDIA A100-SXM4-40GB,True,0.6635559655139354,,2144,36.773888,0.06830906867980957,0.10949325561523438,541.478912,not_separable,,,,2.0111984739519166,2.6094379124341005,0.6666666666666665,16.32662240617609,0.33333333333333337,1.6666666666666665,0.2482314112657183,True,1.5753375545470153e-16,0.0,0.6666666666666667,1.327768715196333,2080,15.753846153846155,0.25194555463432966,2.0065945763104343,-0.025320449044746136,0.004603897641482391,0.030148029178517007,246.6368880904344,1.8899802274923059,-0.07614497809799273,0.12121824645961077,0.0809725582317636,1.0641373093201338,,1.66449599603918,,0.004603897641482391,0.12121824645961077,True,seed_exact,seed_exact,seed_exact,ok
nglr_20260604_232837,natural_gradient_local_rate,random_feature,0,64,5.0,2.6711739763827476,65536,symmetrized,torch,2048,,1.4039980035901631,0.208365554973841,,6.738148269114952,1.1956324486163221,,0.2735152753897185,3.6561029309063238,1.6428448359053176,3.1086244689504383e-15,4.175039281735808e-15,5.368039344943712e-16,6.981772932216538e-16,0.2142857142857143,0.0491965649785553,0.5380461427727571,1.4011074620648427,0.24644923210144043,ok,,random_feature,120,cuda,float64,torch_dense_eigh,64,32,True,2.11.0+cu128,True,12.8,NVIDIA A100-SXM4-40GB,True,0.4574363503323862,,2144,36.773888,0.13518452644348145,0.09167861938476562,558.256128,not_separable,,,,1.4039980035901631,2.6094379124341005,0.6666666666666665,16.32662240617609,0.33333333333333337,1.6666666666666665,0.24957815273771639,True,1.716025238520693e-16,0.0,0.6666666666666667,1.3281294639523797,2080,31.50769230769231,0.1781524101717403,1.440466943382759,0.2731180959250607,-0.03646893979259591,0.000397179464657782,-0.005316853868333915,1.2459341916354107,0.20510653066295978,0.1580638119547524,0.0684087447267587,1.126863692332962,,1.1956324486163221,,-0.03646893979259591,0.1580638119547524,True,seed_exact,seed_exact,seed_exact,ok
nglr_20260604_232837,natural_gradient_local_rate,random_feature,0,64,5.0,2.530973984734397,131072,symmetrized,torch,2048,,0.9633819463180489,0.14043658231563544,,6.859907371946855,0.8229453640024134,,0.48790774816417026,2.049567779488351,1.2578879994480991,1.3144139388217351e-15,2.912823531062413e-15,1.0519486267822345e-15,7.970197724607815e-16,0.2142857142857143,0.0491965649785553,0.3691913655916036,0.7854441639412301,0.3683326244354248,ok,,random_feature,120,cuda,float64,torch_dense_eigh,64,32,True,2.11.0+cu128,True,12.8,NVIDIA A100-SXM4-40GB,True,0.33213744038681225,,2144,36.773888,0.25362491607666016,0.08745789527893066,591.81056,not_separable,,,,0.9633819463180489,2.6094379124341005,0.6666666666666665,16.32662240617609,0.33333333333333337,1.6666666666666665,0.2634032078905889,True,1.590705972852507e-16,0.0,0.6666666666666667,1.3213928883319994,2080,63.01538461538462,0.12597277731716483,1.031857168817281,0.4971153311742952,-0.06847522249923221,-0.00920758301012492,0.03796214737521275,0.8802939704226665,0.43900636797167975,0.0830879758953823,0.04890138019249052,1.0943866238859823,,0.8229453640024134,,-0.06847522249923221,0.0830879758953823,True,seed_exact,seed_exact,seed_exact,ok
nglr_20260604_232837,natural_gradient_local_rate,random_feature,0,64,5.0,2.4889148006838826,262144,symmetrized,torch,2048,,0.7011190683708051,0.11217921003463525,,6.249991136096742,0.5889398583361698,,0.6295863392795923,1.588344501159691,1.782992685531723,1.0547118733938987e-15,2.15196262615122e-15,5.078268949201103e-16,8.760220410539896e-16,0.2142857142857143,0.0491965649785553,0.26868585952167634,0.6086921990330374,0.6264896392822266,ok,,random_feature,120,cuda,float64,torch_dense_eigh,64,32,True,2.11.0+cu128,True,12.8,NVIDIA A100-SXM4-40GB,True,0.25535661590575853,,2144,36.773888,0.4981200695037842,0.08700227737426758,658.919424,not_separable,,,,0.7011190683708051,2.6094379124341005,0.6666666666666665,16.32662240617609,0.33333333333333337,1.6666666666666665,0.2678543542283913,True,1.4941149551959647e-16,0.0,0.672078739722754,1.3333333333333333,2080,126.03076923076924,0.08907620508587015,0.7260349423761547,0.6492572620553604,-0.02491587400534967,-0.019670922775768096,0.0481229919935251,0.6507340627627262,0.5959460743776464,0.0503850056080789,0.03364026490194594,1.077427951741402,,0.5889398583361698,,-0.02491587400534967,0.0503850056080789,True,seed_exact,seed_exact,seed_exact,ok
nglr_20260604_232837,natural_gradient_local_rate,random_feature,1,64,5.0,2.7231500759397975,8192,symmetrized,torch,2048,,4.077131475445015,0.7017439722241576,,5.809998570451076,3.375387503220858,,-1.070737692875877,-0.9339355536407019,1.6049752987994677,3.774758283725532e-15,6.566693723372857e-15,1.5151821708772627e-15,9.953742414035453e-16,0.2142857142857143,0.0491965649785553,1.5624558285204957,-0.357906792566496,0.1398766040802002,ok,,random_feature,120,cuda,float64,torch_dense_eigh,64,32,True,2.11.0+cu128,True,12.8,NVIDIA A100-SXM4-40GB,True,1.4536383872122176,,2144,36.773888,0.017360925674438477,0.10913491249084473,528.896,not_separable,,,,4.077131475445015,2.6094379124341005,0.6666666666666665,16.32662240617609,0.33333333333333337,1.6666666666666665,0.24481451557038791,True,1.4460805999367642e-16,0.0,0.673942648494539,1.3333333333333333,2080,3.9384615384615387,0.5038911092686593,3.908815649939272,-0.9550744669846093,0.16831582550574353,-0.11566322589126765,0.11310322141652573,3.9386811505442667,-1.0032974115339446,0.1384503249007487,-0.06744028134193236,1.0351514427314374,,3.375387503220858,,0.16831582550574353,0.1384503249007487,True,seed_exact,seed_exact,seed_exact,ok
nglr_20260604_232837,natural_gradient_local_rate,random_feature,1,64,5.0,2.632564134978756,16384,symmetrized,torch,2048,,2.937799680214364,0.5261395593524127,,5.583689019374042,2.411660120861951,,-0.41983639643746956,-2.381880200205415,1.8273528759373292,2.3314683517128287e-15,7.378713422100548e-15,8.904630705682117e-16,1.1909048891267574e-15,0.2142857142857143,0.0491965649785553,1.1258362064165632,-0.9127943565377197,0.15903377532958984,ok,,random_feature,120,cuda,float64,torch_dense_eigh,64,32,True,2.11.0+cu128,True,12.8,NVIDIA A100-SXM4-40GB,True,0.9434802113368596,,2144,36.773888,0.03475165367126465,0.10944795608520508,533.090304,not_separable,,,,2.937799680214364,2.6094379124341005,0.6666666666666665,16.32662240617609,0.33333333333333337,1.6666666666666665,0.25323852809840336,True,1.4339114223246886e-16,0.0,0.6666666666666667,1.32195049662337,2080,7.876923076923077,0.3563048203434806,2.7690190018683234,-0.4055182841498193,0.1687806783460406,-0.014318112287650286,0.08409985318854885,2.7865109771530188,-0.45128026581382286,0.15128870306134523,0.031443869376353295,1.054293237780788,,2.411660120861951,,0.1687806783460406,0.15128870306134523,True,seed_exact,seed_exact,seed_exact,ok
nglr_20260604_232837,natural_gradient_local_rate,random_feature,1,64,5.0,2.630899688347717,32768,symmetrized,torch,2048,,2.024018545374423,0.36381278259184646,,5.563351927755448,1.6602057627825764,,0.017633676409239137,56.70967169818607,1.595977742526384,1.430957913660609e-15,1.695631517654827e-15,1.0178340581357216e-15,8.784097639111258e-16,0.2142857142857143,0.0491965649785553,0.775653076752612,21.732523861925085,0.19381976127624512,ok,,random_feature,120,cuda,float64,torch_dense_eigh,64,32,True,2.11.0+cu128,True,12.8,NVIDIA A100-SXM4-40GB,True,0.6577508324052557,,2144,36.773888,0.06774210929870605,0.10949468612670898,541.478912,not_separable,,,,2.024018545374423,2.6094379124341005,0.6666666666666665,16.32662240617609,0.33333333333333337,1.6666666666666665,0.25339874021778197,True,1.5245714479673215e-16,0.0,0.6666666666666667,1.3290521933934667,2080,15.753846153846155,0.25194555463432966,2.082218578312697,-0.009135304853200995,-0.05820003293827414,0.02676898126244013,166.17509360467034,2.019594884637971,0.018301217631336093,0.00442366073645184,-0.0006675412220969561,1.0021903703411512,,1.6602057627825764,,-0.05820003293827414,0.00442366073645184,True,seed_exact,seed_exact,seed_exact,ok
nglr_20260604_232837,natural_gradient_local_rate,random_feature,1,64,5.0,2.592666017631659,65536,symmetrized,torch,2048,,1.4053783483994335,0.2137847814401491,,6.573799776261817,1.1915935669592845,,0.3020680459696096,3.310512360849342,1.83163257682385,1.5543122344752192e-15,9.47200720589748e-15,6.081525847814261e-16,1.354766094414845e-15,0.2142857142857143,0.0491965649785553,0.5385751244368514,1.2686687600707367,0.24184775352478027,ok,,random_feature,120,cuda,float64,torch_dense_eigh,64,32,True,2.11.0+cu128,True,12.8,NVIDIA A100-SXM4-40GB,True,0.4084752532548262,,2144,36.773888,0.1346874237060547,0.08740615844726562,558.256128,not_separable,,,,1.4053783483994335,2.6094379124341005,0.6666666666666665,16.32662240617609,0.33333333333333337,1.6666666666666665,0.2571355747840022,True,1.8300098568168272e-16,0.0,0.6712446881061318,1.3333333333333333,2080,31.50769230769231,0.1781524101717403,1.4721756997047657,0.26318339522928397,-0.06679735130533215,0.038884650740325655,-0.48911944771823634,1.3872603387768057,0.2770558290581093,0.018118009622627884,0.025012216911500296,1.0130602808400067,,1.1915935669592845,,-0.06679735130533215,0.018118009622627884,True,seed_exact,seed_exact,seed_exact,ok
nglr_20260604_232837,natural_gradient_local_rate,random_feature,1,64,5.0,2.579293119467291,131072,symmetrized,torch,2048,,0.9708039774218763,0.1804362177066713,,5.3803166002962755,0.790367759715205,,0.5206231661292062,1.9207750731396074,1.264547157470984,8.052744241201304e-16,6.482216616264504e-15,5.348819326347946e-16,1.0211053536492991e-15,0.2142857142857143,0.0491965649785553,0.372035668216495,0.7360876700637403,0.36999034881591797,ok,,random_feature,120,cuda,float64,torch_dense_eigh,64,32,True,2.11.0+cu128,True,12.8,NVIDIA A100-SXM4-40GB,True,0.3381586790233337,,2144,36.773888,0.2554905414581299,0.08750772476196289,591.81056,not_separable,,,,0.9708039774218763,2.6094379124341005,0.6666666666666665,16.32662240617609,0.33333333333333337,1.6666666666666665,0.2584687492999459,True,2.048104475434769e-16,0.0,0.6707713604687746,1.3333333333333333,2080,63.01538461538462,0.12597277731716483,1.0230173002195484,0.5007335577946951,-0.0522133227976721,0.019889608334511144,-0.07629499423144814,1.0036564851065433,0.4714861096177802,-0.032852507684666965,0.049137056511426025,0.9672671793864018,,0.790367759715205,,-0.0522133227976721,-0.032852507684666965,True,seed_exact,seed_exact,seed_exact,ok
nglr_20260604_232837,natural_gradient_local_rate,random_feature,1,64,5.0,2.5292737516314037,262144,symmetrized,torch,2048,,0.713720937708408,0.13802635922225392,,5.170903164656792,0.5756945784861541,,0.6556012326537732,1.5253174493771975,1.342708012853701,1.0547118733938987e-15,4.8344638959782405e-15,5.960920511102644e-16,5.706586603394418e-16,0.2142857142857143,0.0491965649785553,0.27351520199330764,0.5845387016525607,0.6355593204498291,ok,,random_feature,120,cuda,float64,torch_dense_eigh,64,32,True,2.11.0+cu128,True,12.8,NVIDIA A100-SXM4-40GB,True,0.23941063865718074,,2144,36.773888,0.5071086883544922,0.08713698387145996,658.919424,not_separable,,,,0.713720937708408,2.6094379124341005,0.6666666666666665,16.32662240617609,0.33333333333333337,1.6666666666666665,0.26358027328463784,True,1.8739363270023162e-16,0.0,0.6712084901561841,1.3333333333333333,2080,126.03076923076924,0.08907620508587015,0.7149248858785425,0.6542977887585866,-0.0012039481701344723,0.0013034438951866623,-0.003038625151682961,0.6563409566833796,0.6013335739380153,0.057379981025028504,0.054267658715757894,1.0874240445316423,,0.5756945784861541,,-0.0012039481701344723,0.057379981025028504,True,seed_exact,seed_exact,seed_exact,ok
